 166.313285693498  133.307761101820   51.859514841828   28.918738589450    9.931237715127    4.551215833447    0.000000000000   -0.000000000000   -0.000119499865    0.000000000000   -0.000000000000    0.000432274097    0.000000000000   -0.000000000000    0.000884001893   -0.000000000000   -0.000000000000   -0.001452931128    0.000000000000   -0.000000000000   -0.000000000000   -0.000000000000    0.000218993276    0.000000000000   -0.000000000000   -0.000000000000   -0.000000000000   -0.000000000000    0.000062073625   -0.000000000000   -0.000000000000   -0.000000000000
 133.307761101820  111.032831664160   44.356088407756   24.435871917176    8.253456779273    3.766880467922    0.000000000000   -0.000000000000   -0.000165049602    0.000000000000   -0.000000000000    0.001151514955    0.000000000000   -0.000000000000    0.002430404002   -0.000000000000   -0.000000000000   -0.003949734648    0.000000000000   -0.000000000000   -0.000000000000   -0.000000000000    0.000663527862    0.000000000000   -0.000000000000   -0.000000000000   -0.000000000000   -0.000000000000    0.000171471467   -0.000000000000   -0.000000000000   -0.000000000000
  51.859514841828   44.356088407756   15.659138344345    6.926972790210    1.412654773627    0.500801600374    0.000000000000    0.000000000000    0.002878171931    0.000000000000    0.000000000000    0.004470315180    0.000000000000    0.000000000000    0.004568337886   -0.000000000001   -0.000000000000   -0.008806439358    0.000000000000   -0.000000000000   -0.000000000000   -0.000000000000    0.001376756353    0.000000000000   -0.000000000000   -0.000000000000   -0.000000000000   -0.000000000000    0.000371389383   -0.000000000000   -0.000000000000   -0.000000000000
  28.918738589450   24.435871917176    6.926972790210    1.959208083886   -0.471172561256   -0.446682844333    0.000000000000    0.000000000000    0.006502984875    0.000000000000    0.000000000000    0.005285189356    0.000000000000    0.000000000000   -0.002936483737    0.000000000000    0.000000000000   -0.003225077873    0.000000000000    0.000000000000    0.000000000000    0.000000000000   -0.004749723916   -0.000000000000    0.000000000000   -0.000000000000   -0.000000000000    0.000000000000   -0.000002609746   -0.000000000000   -0.000000000000    0.000000000000
   9.931237715127    8.253456779273    1.412654773627   -0.471172561256   -0.972947663617   -0.706704010485    0.000000000000    0.000000000000    0.007756662511    0.000000000000    0.000000000000   -0.000415801659    0.000000000000    0.000000000000   -0.023491100514    0.000000000001   -0.000000000000    0.006968198466   -0.000000000000    0.000000000001    0.000000000000   -0.000000000000   -0.074649375101   -0.000000000000    0.000000000000    0.000000000000    0.000000000000    0.000000000000   -0.001216226885    0.000000000000    0.000000000000    0.000000000000
   4.551215833447    3.766880467922    0.500801600374   -0.446682844333   -0.706704010485   -0.553340575268    0.000000000000    0.000000000000    0.005063908070    0.000000000000    0.000000000000   -0.006126412238    0.000000000000    0.000000000000   -0.026598193879    0.000000000001   -0.000000000000    0.006609661455   -0.000000000000    0.000000000000    0.000000000000   -0.000000000000   -0.139215126871   -0.000000000000    0.000000000000    0.000000000000    0.000000000000    0.000000000000   -0.001447878022    0.000000000000    0.000000000000    0.000000000000
   0.000000000000    0.000000000000    0.000000000000    0.000000000000    0.000000000000    0.000000000000   -2.718236266400   -0.000000000000    0.000000000000   -2.054222066697    0.000000000000   -0.000000000000   -0.456731932164    0.000000000000   -0.000000000000    0.000000000000   -0.000000000000   -0.000000000000    0.005282483336    0.000000000000    0.000000000000   -0.000000000000   -0.000000000000    0.001179988500    0.000000000000   -0.000000000000    0.000000000000    0.000000000000   -0.000000000000   -0.003657109950    0.000000000000   -0.000000000000
  -0.000000000000   -0.000000000000    0.000000000000    0.000000000000    0.000000000000    0.000000000000   -0.000000000000   -2.718236266400   -0.000000000000    0.000000000000   -2.054222066697   -0.000000000000    0.000000000000   -0.456731932164   -0.000000000000    0.000000000000    0.005282483336   -0.000000000000   -0.000000000000   -0.000000000000    0.000000000000    0.001179988500    0.000000000000   -0.000000000000   -0.000000000000   -0.000000000000    0.000000000000   -0.003657109950   -0.000000000000    0.000000000000   -0.000000000000    0.000000000000
  -0.000119499865   -0.000165049602    0.002878171931    0.006502984875    0.007756662511    0.005063908070    0.000000000000   -0.000000000000   -2.723979927491    0.000000000000    0.000000000000   -2.054231152310   -0.000000000000   -0.000000000000   -0.454845576028    0.000000000000    0.000000000000    0.006386068851    0.000000000000    0.000000000000    0.000000000000    0.000000000000    0.001372941905    0.000000000000    0.000000000000   -0.000000000000    0.000000000000   -0.000000000000   -0.003574122578   -0.000000000000    0.000000000000    0.000000000000
   0.000000000000    0.000000000000    0.000000000000    0.000000000000    0.000000000000    0.000000000000   -2.054222066697    0.000000000000    0.000000000000   -1.102008915828    0.000000000000   -0.000000000000   -0.322699499616    0.000000000000   -0.000000000000    0.000000000000    0.000000000000    0.000000000000    0.008852738322    0.000000000000    0.000000000000    0.000000000000    0.000000000000    0.005065291063    0.000000000000   -0.000000000000    0.000000000000    0.000000000000   -0.000000000000   -0.005065457061    0.000000000000   -0.000000000000
  -0.000000000000   -0.000000000000    0.000000000000    0.000000000000    0.000000000000    0.000000000000    0.000000000000   -2.054222066697    0.000000000000    0.000000000000   -1.102008915828   -0.000000000000    0.000000000000   -0.322699499616   -0.000000000000    0.000000000000    0.008852738322    0.000000000000    0.000000000000   -0.000000000000    0.000000000000    0.005065291063    0.000000000000    0.000000000000   -0.000000000000   -0.000000000000    0.000000000000   -0.005065457061   -0.000000000000    0.000000000000   -0.000000000000    0.000000000000
   0.000432274097    0.001151514955    0.004470315180    0.005285189356   -0.000415801659   -0.006126412238   -0.000000000000   -0.000000000000   -2.054231152310   -0.000000000000   -0.000000000000   -1.121255741330   -0.000000000000   -0.000000000000   -0.362576515757   -0.000000000000    0.000000000000    0.010291669275    0.000000000000   -0.000000000000   -0.000000000000    0.000000000000    0.003575768164    0.000000000000   -0.000000000000    0.000000000000    0.000000000000   -0.000000000000   -0.011046018270   -0.000000000000    0.000000000000    0.000000000000
   0.000000000000    0.000000000000    0.000000000000    0.000000000000    0.000000000000    0.000000000000   -0.456731932164    0.000000000000   -0.000000000000   -0.322699499616    0.000000000000   -0.000000000000   -0.019357978993   -0.000000000000   -0.000000000000    0.000000000000    0.000000000000    0.000000000000    0.003063655490    0.000000000000    0.000000000000    0.000000000000    0.000000000000    0.004693808708    0.000000000000    0.000000000000   -0.000000000000   -0.000000000000   -0.000000000000   -0.002491115430   -0.000000000000    0.000000000000
  -0.000000000000   -0.000000000000    0.000000000000    0.000000000000    0.000000000000    0.000000000000    0.000000000000   -0.456731932164   -0.000000000000    0.000000000000   -0.322699499616   -0.000000000000   -0.000000000000   -0.019357978993   -0.000000000000    0.000000000000    0.003063655489    0.000000000000    0.000000000000    0.000000000000   -0.000000000000    0.004693808708    0.000000000000    0.000000000000    0.000000000000    0.000000000000    0.000000000000   -0.002491115429   -0.000000000000   -0.000000000000    0.000000000000   -0.000000000000
   0.000884001893    0.002430404002    0.004568337886   -0.002936483737   -0.023491100514   -0.026598193879   -0.000000000000   -0.000000000000   -0.454845576028   -0.000000000000   -0.000000000000   -0.362576515757   -0.000000000000   -0.000000000000   -0.371068484742   -0.000000000000    0.000000000000    0.003010879790    0.000000000000   -0.000000000000   -0.000000000000    0.000000000000    0.000595210827    0.000000000000   -0.000000000000    0.000000000000   -0.000000000000   -0.000000000000   -0.008674856640    0.000000000000   -0.000000000000   -0.000000000000
  -0.000000000000   -0.000000000000   -0.000000000001    0.000000000000    0.000000000001    0.000000000001    0.000000000000    0.000000000000    0.000000000000    0.000000000000    0.000000000000   -0.000000000000    0.000000000000    0.000000000000   -0.000000000000   -0.424486285177   -0.000000000000    0.000000000001   -0.000000000000   -0.000000000000   -0.368818710683    0.000000000000   -0.000000000000   -0.000000000000   -0.000000000000    0.000000000000    0.007746672470   -0.000000000000   -0.000000000000   -0.000000000000   -0.000000000000   -0.000000000000
  -0.000000000000   -0.000000000000   -0.000000000000    0.000000000000   -0.000000000000   -0.000000000000   -0.000000000000    0.005282483336    0.000000000000    0.000000000000    0.008852738322    0.000000000000    0.000000000000    0.003063655489    0.000000000000   -0.000000000000   -0.428227608121   -0.000000000000    0.000000000000    0.000000000000    0.000000000000   -0.374284249144    0.000000000000   -0.000000000000   -0.000000000000    0.000000000000    0.000000000000    0.010116986234   -0.000000000000   -0.000000000000   -0.000000000000   -0.000000000000
  -0.001452931128   -0.003949734648   -0.008806439358   -0.003225077873    0.006968198466    0.006609661455   -0.000000000000   -0.000000000000    0.006386068851    0.000000000000    0.000000000000    0.010291669275    0.000000000000    0.000000000000    0.003010879790    0.000000000001   -0.000000000000   -0.423651411050   -0.000000000000    0.000000000000    0.000000000000   -0.000000000000   -0.385570850310   -0.000000000000    0.000000000000   -0.000000000000   -0.000000000000   -0.000000000000    0.010915607214   -0.000000000000   -0.000000000000    0.000000000000
   0.000000000000    0.000000000000    0.000000000000    0.000000000000   -0.000000000000   -0.000000000000    0.005282483336   -0.000000000000    0.000000000000    0.008852738322    0.000000000000    0.000000000000    0.003063655490    0.000000000000    0.000000000000   -0.000000000000    0.000000000000   -0.000000000000   -0.428227608121    0.000000000000    0.000000000000   -0.000000000000    0.000000000000   -0.374284249144   -0.000000000000    0.000000000000    0.000000000000   -0.000000000000   -0.000000000000    0.010116986234    0.000000000000    0.000000000000
  -0.000000000000   -0.000000000000   -0.000000000000    0.000000000000    0.000000000001    0.000000000000    0.000000000000   -0.000000000000    0.000000000000    0.000000000000   -0.000000000000   -0.000000000000    0.000000000000    0.000000000000   -0.000000000000   -0.000000000000    0.000000000000    0.000000000000    0.000000000000   -0.424486285177    0.000000000000    0.000000000000   -0.000000000000    0.000000000000   -0.368818710683    0.000000000000    0.000000000000    0.000000000000   -0.000000000000    0.000000000000    0.007746672470    0.000000000000
  -0.000000000000   -0.000000000000   -0.000000000000    0.000000000000    0.000000000000    0.000000000000    0.000000000000    0.000000000000    0.000000000000    0.000000000000    0.000000000000   -0.000000000000    0.000000000000   -0.000000000000   -0.000000000000   -0.368818710683    0.000000000000    0.000000000000    0.000000000000    0.000000000000    0.226086592689    0.000000000000   -0.000000000000    0.000000000000    0.000000000000    0.000000000000    0.005010969921   -0.000000000000   -0.000000000000   -0.000000000000   -0.000000000000   -0.000000000000
  -0.000000000000   -0.000000000000   -0.000000000000    0.000000000000   -0.000000000000   -0.000000000000   -0.000000000000    0.001179988500    0.000000000000    0.000000000000    0.005065291063    0.000000000000    0.000000000000    0.004693808708    0.000000000000    0.000000000000   -0.374284249144   -0.000000000000   -0.000000000000    0.000000000000    0.000000000000    0.180150657066    0.000000000000   -0.000000000000   -0.000000000000   -0.000000000000    0.000000000000    0.006346938551   -0.000000000000    0.000000000000   -0.000000000000    0.000000000000
   0.000218993276    0.000663527862    0.001376756353   -0.004749723916   -0.074649375101   -0.139215126871   -0.000000000000    0.000000000000    0.001372941905    0.000000000000    0.000000000000    0.003575768164    0.000000000000    0.000000000000    0.000595210827   -0.000000000000    0.000000000000   -0.385570850310    0.000000000000   -0.000000000000   -0.000000000000    0.000000000000    0.014451307040    0.000000000000   -0.000000000000   -0.000000000000   -0.000000000000    0.000000000000    0.006696263637   -0.000000000000   -0.000000000000    0.000000000000
   0.000000000000    0.000000000000    0.000000000000   -0.000000000000   -0.000000000000   -0.000000000000    0.001179988500   -0.000000000000    0.000000000000    0.005065291063    0.000000000000    0.000000000000    0.004693808708    0.000000000000    0.000000000000   -0.000000000000   -0.000000000000   -0.000000000000   -0.374284249144    0.000000000000    0.000000000000   -0.000000000000    0.000000000000    0.180150657066   -0.000000000000   -0.000000000000    0.000000000000    0.000000000000   -0.000000000000    0.006346938551    0.000000000000   -0.000000000000
  -0.000000000000   -0.000000000000   -0.000000000000    0.000000000000    0.000000000000    0.000000000000    0.000000000000   -0.000000000000    0.000000000000    0.000000000000   -0.000000000000   -0.000000000000    0.000000000000    0.000000000000   -0.000000000000   -0.000000000000   -0.000000000000    0.000000000000   -0.000000000000   -0.368818710683    0.000000000000   -0.000000000000   -0.000000000000   -0.000000000000    0.226086592689    0.000000000000    0.000000000000    0.000000000000   -0.000000000000    0.000000000000    0.005010969921    0.000000000000
  -0.000000000000   -0.000000000000   -0.000000000000   -0.000000000000    0.000000000000    0.000000000000   -0.000000000000   -0.000000000000   -0.000000000000   -0.000000000000   -0.000000000000    0.000000000000    0.000000000000    0.000000000000    0.000000000000    0.000000000000    0.000000000000   -0.000000000000    0.000000000000    0.000000000000    0.000000000000   -0.000000000000   -0.000000000000   -0.000000000000    0.000000000000    1.842137206069    0.000000000000    0.000000000000   -0.000000000000    0.000000000000   -0.000000000000    0.000000000000
  -0.000000000000   -0.000000000000   -0.000000000000   -0.000000000000    0.000000000000    0.000000000000    0.000000000000    0.000000000000    0.000000000000    0.000000000000    0.000000000000    0.000000000000   -0.000000000000    0.000000000000   -0.000000000000    0.007746672470    0.000000000000   -0.000000000000    0.000000000000    0.000000000000    0.005010969921    0.000000000000   -0.000000000000    0.000000000000    0.000000000000    0.000000000000    1.836426037374    0.000000000000    0.000000000000   -0.000000000000   -0.000000000000    0.000000000000
  -0.000000000000   -0.000000000000   -0.000000000000    0.000000000000    0.000000000000    0.000000000000    0.000000000000   -0.003657109950   -0.000000000000    0.000000000000   -0.005065457061   -0.000000000000   -0.000000000000   -0.002491115429   -0.000000000000   -0.000000000000    0.010116986234   -0.000000000000   -0.000000000000    0.000000000000   -0.000000000000    0.006346938551    0.000000000000    0.000000000000    0.000000000000    0.000000000000    0.000000000000    1.831233059770   -0.000000000000   -0.000000000000    0.000000000000   -0.000000000000
   0.000062073625    0.000171471467    0.000371389383   -0.000002609746   -0.001216226885   -0.001447878022   -0.000000000000   -0.000000000000   -0.003574122578   -0.000000000000   -0.000000000000   -0.011046018270   -0.000000000000   -0.000000000000   -0.008674856640   -0.000000000000   -0.000000000000    0.010915607214   -0.000000000000   -0.000000000000   -0.000000000000   -0.000000000000    0.006696263637   -0.000000000000   -0.000000000000   -0.000000000000    0.000000000000   -0.000000000000    1.827798162794    0.000000000000    0.000000000000   -0.000000000000
  -0.000000000000   -0.000000000000   -0.000000000000   -0.000000000000    0.000000000000    0.000000000000   -0.003657109950    0.000000000000   -0.000000000000   -0.005065457061    0.000000000000   -0.000000000000   -0.002491115430   -0.000000000000    0.000000000000   -0.000000000000   -0.000000000000   -0.000000000000    0.010116986234    0.000000000000   -0.000000000000    0.000000000000   -0.000000000000    0.006346938551    0.000000000000    0.000000000000   -0.000000000000   -0.000000000000    0.000000000000    1.831233059770    0.000000000000    0.000000000000
  -0.000000000000   -0.000000000000   -0.000000000000   -0.000000000000    0.000000000000    0.000000000000    0.000000000000   -0.000000000000    0.000000000000    0.000000000000   -0.000000000000    0.000000000000   -0.000000000000    0.000000000000   -0.000000000000   -0.000000000000   -0.000000000000   -0.000000000000    0.000000000000    0.007746672470   -0.000000000000   -0.000000000000   -0.000000000000    0.000000000000    0.005010969921   -0.000000000000   -0.000000000000    0.000000000000    0.000000000000    0.000000000000    1.836426037374    0.000000000000
  -0.000000000000   -0.000000000000   -0.000000000000    0.000000000000    0.000000000000    0.000000000000   -0.000000000000    0.000000000000    0.000000000000   -0.000000000000    0.000000000000    0.000000000000    0.000000000000   -0.000000000000   -0.000000000000   -0.000000000000   -0.000000000000    0.000000000000    0.000000000000    0.000000000000   -0.000000000000    0.000000000000    0.000000000000   -0.000000000000    0.000000000000    0.000000000000    0.000000000000   -0.000000000000   -0.000000000000    0.000000000000    0.000000000000    1.842137206069
