 166.320753380558  133.314740432897   51.863079234394   28.920873637251    9.932054824298    4.551622372794    0.000000000000    0.000000000000   -0.000126495103   -0.000000000000    0.000000000000    0.000451014009   -0.000000000000    0.000000000000    0.000919403122   -0.000000000000    0.000000000000   -0.001469751063   -0.000000000000    0.000000000000   -0.000000000000    0.000000000000    0.000213329968   -0.000000000000   -0.000000000000    0.000000000000   -0.000000000000   -0.000000000000    0.000065370367    0.000000000000   -0.000000000000   -0.000000000000
 133.314740432897  111.040256512451   44.361006873777   24.439046567413    8.254790823142    3.767581465662    0.000000000000    0.000000000000   -0.000176473431   -0.000000000000    0.000000000000    0.001203407002   -0.000000000000    0.000000000000    0.002527921142   -0.000000000000    0.000000000000   -0.003994546862   -0.000000000000    0.000000000000   -0.000000000000    0.000000000000    0.000648840870   -0.000000000000   -0.000000000000    0.000000000000   -0.000000000000   -0.000000000000    0.000181117397    0.000000000000   -0.000000000000   -0.000000000000
  51.863079234394   44.361006873777   15.666497353421    6.933650459477    1.416293862806    0.502751039424    0.000000000000    0.000000000000    0.002989169464   -0.000000000000    0.000000000000    0.004660565691   -0.000000000000    0.000000000000    0.004748323723   -0.000000000000    0.000000000000   -0.008874887945   -0.000000000000   -0.000000000000   -0.000000000000    0.000000000000    0.001362802952   -0.000000000000   -0.000000000000    0.000000000000   -0.000000000000   -0.000000000000    0.000393937922    0.000000000000   -0.000000000000   -0.000000000000
  28.920873637251   24.439046567413    6.933650459477    1.966758720784   -0.466072690823   -0.443967953987    0.000000000000    0.000000000000    0.006757237608    0.000000000000    0.000000000000    0.005465691980    0.000000000000    0.000000000000   -0.003067674728    0.000000000000   -0.000000000000   -0.003172194680    0.000000000000   -0.000000000000    0.000000000000   -0.000000000000   -0.004707356964    0.000000000000   -0.000000000000    0.000000000000   -0.000000000000   -0.000000000000   -0.000002624035    0.000000000000   -0.000000000000   -0.000000000000
   9.932054824298    8.254790823142    1.416293862806   -0.466072690823   -0.966946778969   -0.702346598384   -0.000000000000    0.000000000000    0.008039476995    0.000000000000    0.000000000000   -0.000605341952    0.000000000000    0.000000000000   -0.024507528150    0.000000000000   -0.000000000000    0.007218466364    0.000000000000   -0.000000000000   -0.000000000000    0.000000000000   -0.074447817238    0.000000000000    0.000000000000   -0.000000000000    0.000000000000    0.000000000000   -0.001291937275   -0.000000000000    0.000000000000    0.000000000000
   4.551622372794    3.767581465662    0.502751039424   -0.443967953987   -0.702346598384   -0.548493607027   -0.000000000000    0.000000000000    0.005234488127    0.000000000000    0.000000000000   -0.006522758699    0.000000000000    0.000000000000   -0.027714910179    0.000000000000   -0.000000000000    0.006811571004    0.000000000000   -0.000000000000   -0.000000000000    0.000000000000   -0.138986557434   -0.000000000000    0.000000000000   -0.000000000000    0.000000000000    0.000000000000   -0.001534513133   -0.000000000000    0.000000000000    0.000000000000
   0.000000000000    0.000000000000    0.000000000000    0.000000000000   -0.000000000000   -0.000000000000   -2.710600165342    0.000000000000   -0.000000000000   -2.049035116050    0.000000000000    0.000000000000   -0.455788951303    0.000000000000    0.000000000000    0.000000000000   -0.000000000000    0.000000000000    0.005492154582   -0.000000000000    0.000000000000    0.000000000000   -0.000000000000    0.001223102227    0.000000000000   -0.000000000000    0.000000000000    0.000000000000    0.000000000000   -0.003649125831   -0.000000000000    0.000000000000
   0.000000000000    0.000000000000    0.000000000000    0.000000000000    0.000000000000    0.000000000000    0.000000000000   -2.710600165342    0.000000000000    0.000000000000   -2.049035116050   -0.000000000000    0.000000000000   -0.455788951303   -0.000000000000    0.000000000000    0.005492154582   -0.000000000000   -0.000000000000   -0.000000000000   -0.000000000000    0.001223102227    0.000000000000    0.000000000000   -0.000000000000   -0.000000000000   -0.000000000000   -0.003649125831   -0.000000000000    0.000000000000    0.000000000000   -0.000000000000
  -0.000126495103   -0.000176473431    0.002989169464    0.006757237608    0.008039476995    0.005234488127   -0.000000000000    0.000000000000   -2.716337333760    0.000000000000   -0.000000000000   -2.048940628346    0.000000000000   -0.000000000000   -0.453838482014    0.000000000000    0.000000000000    0.006670537124    0.000000000000   -0.000000000000    0.000000000000    0.000000000000    0.001402732578    0.000000000000    0.000000000000    0.000000000000    0.000000000000    0.000000000000   -0.003526546701    0.000000000000   -0.000000000000   -0.000000000000
  -0.000000000000   -0.000000000000   -0.000000000000    0.000000000000    0.000000000000    0.000000000000   -2.049035116050    0.000000000000    0.000000000000   -1.094643069492    0.000000000000    0.000000000000   -0.319959943472   -0.000000000000    0.000000000000    0.000000000000    0.000000000000   -0.000000000000    0.009152672857    0.000000000000    0.000000000000    0.000000000000   -0.000000000000    0.005185496588    0.000000000000   -0.000000000000   -0.000000000000    0.000000000000    0.000000000000   -0.005007787602    0.000000000000    0.000000000000
   0.000000000000    0.000000000000    0.000000000000    0.000000000000    0.000000000000    0.000000000000    0.000000000000   -2.049035116050   -0.000000000000    0.000000000000   -1.094643069492   -0.000000000000   -0.000000000000   -0.319959943472    0.000000000000   -0.000000000000    0.009152672857   -0.000000000000    0.000000000000   -0.000000000000   -0.000000000000    0.005185496588    0.000000000000    0.000000000000   -0.000000000000   -0.000000000000    0.000000000000   -0.005007787602   -0.000000000000    0.000000000000    0.000000000000   -0.000000000000
   0.000451014009    0.001203407002    0.004660565691    0.005465691980   -0.000605341952   -0.006522758699    0.000000000000   -0.000000000000   -2.048940628346    0.000000000000   -0.000000000000   -1.113759359301    0.000000000000    0.000000000000   -0.359908537962   -0.000000000000    0.000000000000    0.010559872242   -0.000000000000   -0.000000000000    0.000000000000    0.000000000000    0.003556261600   -0.000000000000    0.000000000000    0.000000000000    0.000000000000   -0.000000000000   -0.010960166509    0.000000000000   -0.000000000000    0.000000000000
  -0.000000000000   -0.000000000000   -0.000000000000    0.000000000000    0.000000000000    0.000000000000   -0.455788951303    0.000000000000    0.000000000000   -0.319959943472   -0.000000000000    0.000000000000   -0.013827305448   -0.000000000000    0.000000000000   -0.000000000000    0.000000000000   -0.000000000000    0.003123335364    0.000000000000   -0.000000000000    0.000000000000   -0.000000000000    0.004694291838    0.000000000000    0.000000000000   -0.000000000000   -0.000000000000   -0.000000000000   -0.002461503737    0.000000000000   -0.000000000000
   0.000000000000    0.000000000000    0.000000000000    0.000000000000    0.000000000000    0.000000000000    0.000000000000   -0.455788951303   -0.000000000000   -0.000000000000   -0.319959943472    0.000000000000   -0.000000000000   -0.013827305448    0.000000000000   -0.000000000000    0.003123335364   -0.000000000000    0.000000000000    0.000000000000   -0.000000000000    0.004694291838   -0.000000000000    0.000000000000    0.000000000000    0.000000000000    0.000000000000   -0.002461503737    0.000000000000   -0.000000000000   -0.000000000000    0.000000000000
   0.000919403122    0.002527921142    0.004748323723   -0.003067674728   -0.024507528150   -0.027714910179    0.000000000000   -0.000000000000   -0.453838482014    0.000000000000    0.000000000000   -0.359908537962    0.000000000000    0.000000000000   -0.365557691448   -0.000000000000    0.000000000000    0.002874148223   -0.000000000000   -0.000000000000   -0.000000000000    0.000000000000    0.000440840556   -0.000000000000    0.000000000000   -0.000000000000   -0.000000000000   -0.000000000000   -0.008668261374   -0.000000000000   -0.000000000000    0.000000000000
  -0.000000000000   -0.000000000000   -0.000000000000    0.000000000000    0.000000000000    0.000000000000    0.000000000000    0.000000000000    0.000000000000    0.000000000000   -0.000000000000   -0.000000000000   -0.000000000000   -0.000000000000   -0.000000000000   -0.416744290700   -0.000000000000    0.000000000000    0.000000000000   -0.000000000000   -0.365621361434   -0.000000000000   -0.000000000000   -0.000000000000   -0.000000000000   -0.000000000000    0.008037747883    0.000000000000   -0.000000000000   -0.000000000000    0.000000000000   -0.000000000000
   0.000000000000    0.000000000000    0.000000000000   -0.000000000000   -0.000000000000   -0.000000000000   -0.000000000000    0.005492154582    0.000000000000    0.000000000000    0.009152672857    0.000000000000    0.000000000000    0.003123335364    0.000000000000   -0.000000000000   -0.420449671574   -0.000000000000    0.000000000000    0.000000000000    0.000000000000   -0.371034532455    0.000000000000   -0.000000000000    0.000000000000   -0.000000000000   -0.000000000000    0.010493291605   -0.000000000000    0.000000000000   -0.000000000000    0.000000000000
  -0.001469751063   -0.003994546862   -0.008874887945   -0.003172194680    0.007218466364    0.006811571004    0.000000000000   -0.000000000000    0.006670537124   -0.000000000000   -0.000000000000    0.010559872242   -0.000000000000   -0.000000000000    0.002874148223    0.000000000000   -0.000000000000   -0.415691301019    0.000000000000    0.000000000000    0.000000000000   -0.000000000000   -0.382334812859    0.000000000000   -0.000000000000   -0.000000000000    0.000000000000    0.000000000000    0.011303228061   -0.000000000000    0.000000000000    0.000000000000
  -0.000000000000   -0.000000000000   -0.000000000000    0.000000000000    0.000000000000    0.000000000000    0.005492154582   -0.000000000000    0.000000000000    0.009152672857    0.000000000000   -0.000000000000    0.003123335364    0.000000000000   -0.000000000000    0.000000000000    0.000000000000    0.000000000000   -0.420449671574   -0.000000000000   -0.000000000000    0.000000000000   -0.000000000000   -0.371034532455    0.000000000000   -0.000000000000   -0.000000000000    0.000000000000   -0.000000000000    0.010493291605    0.000000000000    0.000000000000
   0.000000000000    0.000000000000   -0.000000000000   -0.000000000000   -0.000000000000   -0.000000000000   -0.000000000000   -0.000000000000   -0.000000000000    0.000000000000   -0.000000000000   -0.000000000000    0.000000000000    0.000000000000   -0.000000000000   -0.000000000000    0.000000000000    0.000000000000   -0.000000000000   -0.416744290700    0.000000000000   -0.000000000000    0.000000000000    0.000000000000   -0.365621361434    0.000000000000   -0.000000000000   -0.000000000000    0.000000000000    0.000000000000    0.008037747883   -0.000000000000
  -0.000000000000   -0.000000000000   -0.000000000000    0.000000000000   -0.000000000000   -0.000000000000    0.000000000000   -0.000000000000    0.000000000000    0.000000000000   -0.000000000000    0.000000000000   -0.000000000000   -0.000000000000   -0.000000000000   -0.365621361434    0.000000000000    0.000000000000   -0.000000000000    0.000000000000    0.232797122865    0.000000000000   -0.000000000000   -0.000000000000    0.000000000000   -0.000000000000    0.005181511349    0.000000000000   -0.000000000000   -0.000000000000   -0.000000000000   -0.000000000000
   0.000000000000    0.000000000000    0.000000000000   -0.000000000000    0.000000000000    0.000000000000    0.000000000000    0.001223102227    0.000000000000    0.000000000000    0.005185496588    0.000000000000    0.000000000000    0.004694291838    0.000000000000   -0.000000000000   -0.371034532455   -0.000000000000    0.000000000000   -0.000000000000    0.000000000000    0.187047035345    0.000000000000   -0.000000000000   -0.000000000000    0.000000000000   -0.000000000000    0.006548506951   -0.000000000000    0.000000000000   -0.000000000000    0.000000000000
   0.000213329968    0.000648840870    0.001362802952   -0.004707356964   -0.074447817238   -0.138986557434   -0.000000000000    0.000000000000    0.001402732578   -0.000000000000    0.000000000000    0.003556261600   -0.000000000000   -0.000000000000    0.000440840556   -0.000000000000    0.000000000000   -0.382334812859   -0.000000000000    0.000000000000   -0.000000000000    0.000000000000    0.021336894133   -0.000000000000    0.000000000000   -0.000000000000   -0.000000000000    0.000000000000    0.006888887004   -0.000000000000   -0.000000000000   -0.000000000000
  -0.000000000000   -0.000000000000   -0.000000000000    0.000000000000    0.000000000000   -0.000000000000    0.001223102227    0.000000000000    0.000000000000    0.005185496588    0.000000000000   -0.000000000000    0.004694291838    0.000000000000   -0.000000000000   -0.000000000000   -0.000000000000    0.000000000000   -0.371034532455    0.000000000000   -0.000000000000   -0.000000000000   -0.000000000000    0.187047035345    0.000000000000   -0.000000000000   -0.000000000000    0.000000000000   -0.000000000000    0.006548506951    0.000000000000    0.000000000000
  -0.000000000000   -0.000000000000   -0.000000000000   -0.000000000000    0.000000000000    0.000000000000    0.000000000000   -0.000000000000    0.000000000000    0.000000000000   -0.000000000000    0.000000000000    0.000000000000    0.000000000000    0.000000000000   -0.000000000000    0.000000000000   -0.000000000000    0.000000000000   -0.365621361434    0.000000000000   -0.000000000000    0.000000000000    0.000000000000    0.232797122865    0.000000000000    0.000000000000   -0.000000000000   -0.000000000000    0.000000000000    0.005181511349   -0.000000000000
   0.000000000000    0.000000000000    0.000000000000    0.000000000000   -0.000000000000   -0.000000000000   -0.000000000000   -0.000000000000    0.000000000000   -0.000000000000   -0.000000000000    0.000000000000    0.000000000000    0.000000000000   -0.000000000000   -0.000000000000   -0.000000000000   -0.000000000000   -0.000000000000    0.000000000000   -0.000000000000    0.000000000000   -0.000000000000   -0.000000000000    0.000000000000    1.849862457727   -0.000000000000   -0.000000000000   -0.000000000000    0.000000000000    0.000000000000    0.000000000000
  -0.000000000000   -0.000000000000   -0.000000000000   -0.000000000000    0.000000000000    0.000000000000    0.000000000000   -0.000000000000    0.000000000000   -0.000000000000    0.000000000000    0.000000000000   -0.000000000000    0.000000000000   -0.000000000000    0.008037747883   -0.000000000000    0.000000000000   -0.000000000000   -0.000000000000    0.005181511349   -0.000000000000   -0.000000000000   -0.000000000000    0.000000000000   -0.000000000000    1.844186520870    0.000000000000    0.000000000000   -0.000000000000   -0.000000000000   -0.000000000000
  -0.000000000000   -0.000000000000   -0.000000000000   -0.000000000000    0.000000000000    0.000000000000    0.000000000000   -0.003649125831    0.000000000000    0.000000000000   -0.005007787602   -0.000000000000   -0.000000000000   -0.002461503737   -0.000000000000    0.000000000000    0.010493291605    0.000000000000    0.000000000000   -0.000000000000    0.000000000000    0.006548506951    0.000000000000    0.000000000000   -0.000000000000   -0.000000000000    0.000000000000    1.839025665653    0.000000000000   -0.000000000000    0.000000000000   -0.000000000000
   0.000065370367    0.000181117397    0.000393937922   -0.000002624035   -0.001291937275   -0.001534513133    0.000000000000   -0.000000000000   -0.003526546701    0.000000000000   -0.000000000000   -0.010960166509   -0.000000000000    0.000000000000   -0.008668261374   -0.000000000000   -0.000000000000    0.011303228061   -0.000000000000    0.000000000000   -0.000000000000   -0.000000000000    0.006888887004   -0.000000000000   -0.000000000000   -0.000000000000    0.000000000000    0.000000000000    1.835601896091    0.000000000000    0.000000000000   -0.000000000000
   0.000000000000    0.000000000000    0.000000000000    0.000000000000   -0.000000000000   -0.000000000000   -0.003649125831    0.000000000000    0.000000000000   -0.005007787602    0.000000000000    0.000000000000   -0.002461503737   -0.000000000000   -0.000000000000   -0.000000000000    0.000000000000   -0.000000000000    0.010493291605    0.000000000000   -0.000000000000    0.000000000000   -0.000000000000    0.006548506951    0.000000000000    0.000000000000   -0.000000000000   -0.000000000000    0.000000000000    1.839025665653   -0.000000000000    0.000000000000
  -0.000000000000   -0.000000000000   -0.000000000000   -0.000000000000    0.000000000000    0.000000000000   -0.000000000000    0.000000000000   -0.000000000000    0.000000000000    0.000000000000   -0.000000000000    0.000000000000   -0.000000000000   -0.000000000000    0.000000000000   -0.000000000000    0.000000000000    0.000000000000    0.008037747883   -0.000000000000   -0.000000000000   -0.000000000000    0.000000000000    0.005181511349    0.000000000000   -0.000000000000    0.000000000000    0.000000000000   -0.000000000000    1.844186520870   -0.000000000000
  -0.000000000000   -0.000000000000   -0.000000000000   -0.000000000000    0.000000000000    0.000000000000    0.000000000000   -0.000000000000   -0.000000000000    0.000000000000   -0.000000000000    0.000000000000   -0.000000000000    0.000000000000    0.000000000000   -0.000000000000    0.000000000000    0.000000000000    0.000000000000   -0.000000000000   -0.000000000000    0.000000000000   -0.000000000000    0.000000000000   -0.000000000000    0.000000000000   -0.000000000000   -0.000000000000   -0.000000000000    0.000000000000   -0.000000000000    1.849862457727
