 166.314746895171  133.309127362818   51.860213791396   28.919156586718    9.931395255275    4.551292935343    0.000000000000    0.000000000000   -0.000119875866    0.000000000000    0.000000000000    0.000432733381    0.000000000000    0.000000000000    0.000884539909    0.000000000000   -0.000000000000   -0.001455173265    0.000000000000    0.000000000000    0.000000000000    0.000000000000    0.000218167593    0.000000000000    0.000000000000   -0.000000000000    0.000000000000   -0.000000000000    0.000062219043   -0.000000000000    0.000000000000    0.000000000000
 133.309127362818  111.034286610196   44.357054920761   24.436493626482    8.253711288637    3.767010873436    0.000000000000    0.000000000000   -0.000165809365    0.000000000000    0.000000000000    0.001153029694    0.000000000000    0.000000000000    0.002431905854    0.000000000000   -0.000000000000   -0.003955725120    0.000000000000    0.000000000000    0.000000000000    0.000000000000    0.000661348460    0.000000000000    0.000000000000   -0.000000000000    0.000000000000   -0.000000000000    0.000171963116   -0.000000000000    0.000000000000    0.000000000000
  51.860213791396   44.357054920761   15.660583617759    6.928276476338    1.413352816121    0.501170277625    0.000000000000    0.000000000000    0.002879353919    0.000000000000    0.000000000000    0.004474586623    0.000000000000    0.000000000000    0.004570603988    0.000000000000   -0.000000000000   -0.008816041622    0.000000000000    0.000000000000    0.000000000000    0.000000000000    0.001374267810    0.000000000000   -0.000000000000   -0.000000000000    0.000000000000   -0.000000000000    0.000372639575   -0.000000000000    0.000000000000    0.000000000000
  28.919156586718   24.436493626482    6.928276476338    1.960680426433   -0.470170356447   -0.446142887486    0.000000000000    0.000000000000    0.006505959652    0.000000000000    0.000000000000    0.005283871287    0.000000000000    0.000000000000   -0.002940134331   -0.000000000000    0.000000000000   -0.003219019888    0.000000000000    0.000000000000   -0.000000000000   -0.000000000000   -0.004743916543   -0.000000000000   -0.000000000000   -0.000000000000    0.000000000000   -0.000000000000   -0.000003030031   -0.000000000000    0.000000000000    0.000000000000
   9.931395255275    8.253711288637    1.413352816121   -0.470170356447   -0.971702426335   -0.705763436705    0.000000000000    0.000000000000    0.007756811297    0.000000000000    0.000000000000   -0.000439040736    0.000000000000   -0.000000000000   -0.023510374484   -0.000000000000    0.000000000000    0.007001908800   -0.000000000000   -0.000000000000    0.000000000000   -0.000000000000   -0.074615537889   -0.000000000000   -0.000000000000    0.000000000000   -0.000000000000    0.000000000000   -0.001221599813    0.000000000000   -0.000000000000   -0.000000000000
   4.551292935343    3.767010873436    0.501170277625   -0.446142887486   -0.705763436705   -0.552259808938    0.000000000000    0.000000000000    0.005061728199    0.000000000000    0.000000000000   -0.006148295763    0.000000000000    0.000000000000   -0.026608468322    0.000000000000    0.000000000000    0.006638010933   -0.000000000000   -0.000000000000    0.000000000000   -0.000000000000   -0.139173964071   -0.000000000000   -0.000000000000    0.000000000000   -0.000000000000    0.000000000000   -0.001453114426    0.000000000000   -0.000000000000   -0.000000000000
   0.000000000000    0.000000000000    0.000000000000    0.000000000000    0.000000000000    0.000000000000   -2.716751007572   -0.000000000000    0.000000000000   -2.053212769124   -0.000000000000    0.000000000000   -0.456545526068   -0.000000000000    0.000000000000    0.000000000000    0.000000000000   -0.000000000000    0.005285297985    0.000000000000    0.000000000000   -0.000000000000   -0.000000000000    0.001180477261    0.000000000000    0.000000000000    0.000000000000    0.000000000000   -0.000000000000   -0.003656774840    0.000000000000   -0.000000000000
   0.000000000000    0.000000000000    0.000000000000    0.000000000000    0.000000000000    0.000000000000   -0.000000000000   -2.716751007572    0.000000000000   -0.000000000000   -2.053212769124    0.000000000000   -0.000000000000   -0.456545526068    0.000000000000    0.000000000000    0.005285297985   -0.000000000000    0.000000000000   -0.000000000000    0.000000000000    0.001180477261   -0.000000000000   -0.000000000000   -0.000000000000    0.000000000000   -0.000000000000   -0.003656774840   -0.000000000000    0.000000000000   -0.000000000000   -0.000000000000
  -0.000119875866   -0.000165809365    0.002879353919    0.006505959652    0.007756811297    0.005061728199    0.000000000000    0.000000000000   -2.722494571446    0.000000000000    0.000000000000   -2.053209834192   -0.000000000000    0.000000000000   -0.454651180586    0.000000000000    0.000000000000    0.006394507706    0.000000000000    0.000000000000   -0.000000000000    0.000000000000    0.001369448564    0.000000000000   -0.000000000000    0.000000000000    0.000000000000   -0.000000000000   -0.003569120888    0.000000000000   -0.000000000000    0.000000000000
   0.000000000000    0.000000000000    0.000000000000    0.000000000000    0.000000000000    0.000000000000   -2.053212769124   -0.000000000000    0.000000000000   -1.100563700838   -0.000000000000   -0.000000000000   -0.322147908907   -0.000000000000   -0.000000000000    0.000000000000   -0.000000000000   -0.000000000000    0.008851158808    0.000000000000    0.000000000000   -0.000000000000    0.000000000000    0.005058079721    0.000000000000    0.000000000000    0.000000000000   -0.000000000000   -0.000000000000   -0.005058632663    0.000000000000   -0.000000000000
   0.000000000000    0.000000000000    0.000000000000    0.000000000000    0.000000000000    0.000000000000   -0.000000000000   -2.053212769124    0.000000000000   -0.000000000000   -1.100563700838    0.000000000000   -0.000000000000   -0.322147908907    0.000000000000    0.000000000000    0.008851158808    0.000000000000   -0.000000000000    0.000000000000    0.000000000000    0.005058079721    0.000000000000    0.000000000000    0.000000000000    0.000000000000    0.000000000000   -0.005058632663   -0.000000000000   -0.000000000000   -0.000000000000   -0.000000000000
   0.000432733381    0.001153029694    0.004474586623    0.005283871287   -0.000439040736   -0.006148295763    0.000000000000    0.000000000000   -2.053209834192   -0.000000000000    0.000000000000   -1.119789886417   -0.000000000000   -0.000000000000   -0.362024443572   -0.000000000000    0.000000000000    0.010273562573    0.000000000000    0.000000000000   -0.000000000000    0.000000000000    0.003556436167    0.000000000000   -0.000000000000    0.000000000000    0.000000000000    0.000000000000   -0.011035534659    0.000000000000    0.000000000000    0.000000000000
   0.000000000000    0.000000000000    0.000000000000    0.000000000000    0.000000000000    0.000000000000   -0.456545526068   -0.000000000000   -0.000000000000   -0.322147908907   -0.000000000000   -0.000000000000   -0.018176292019   -0.000000000000    0.000000000000    0.000000000000   -0.000000000000    0.000000000000    0.003057907690   -0.000000000000    0.000000000000    0.000000000000    0.000000000000    0.004674552984   -0.000000000000    0.000000000000    0.000000000000   -0.000000000000   -0.000000000000   -0.002487186066   -0.000000000000    0.000000000000
   0.000000000000    0.000000000000    0.000000000000    0.000000000000   -0.000000000000    0.000000000000   -0.000000000000   -0.456545526068    0.000000000000   -0.000000000000   -0.322147908907   -0.000000000000   -0.000000000000   -0.018176292019    0.000000000000    0.000000000000    0.003057907690    0.000000000000   -0.000000000000    0.000000000000    0.000000000000    0.004674552984    0.000000000000    0.000000000000    0.000000000000   -0.000000000000    0.000000000000   -0.002487186066    0.000000000000   -0.000000000000   -0.000000000000   -0.000000000000
   0.000884539909    0.002431905854    0.004570603988   -0.002940134331   -0.023510374484   -0.026608468322    0.000000000000    0.000000000000   -0.454651180586   -0.000000000000    0.000000000000   -0.362024443572    0.000000000000    0.000000000000   -0.369867311776   -0.000000000000    0.000000000000    0.002973579765    0.000000000000    0.000000000000   -0.000000000000    0.000000000000    0.000582176177    0.000000000000    0.000000000000   -0.000000000000   -0.000000000000    0.000000000000   -0.008672503671   -0.000000000000    0.000000000000   -0.000000000000
   0.000000000000    0.000000000000    0.000000000000   -0.000000000000   -0.000000000000    0.000000000000    0.000000000000    0.000000000000    0.000000000000    0.000000000000    0.000000000000   -0.000000000000    0.000000000000    0.000000000000   -0.000000000000   -0.422985678750   -0.000000000000   -0.000000000000    0.000000000000   -0.000000000000   -0.368189182423   -0.000000000000   -0.000000000000   -0.000000000000   -0.000000000000    0.000000000000    0.007749178093   -0.000000000000    0.000000000000    0.000000000000   -0.000000000000   -0.000000000000
  -0.000000000000   -0.000000000000   -0.000000000000    0.000000000000    0.000000000000    0.000000000000    0.000000000000    0.005285297985    0.000000000000   -0.000000000000    0.008851158808    0.000000000000   -0.000000000000    0.003057907690    0.000000000000   -0.000000000000   -0.426724117059   -0.000000000000    0.000000000000   -0.000000000000    0.000000000000   -0.373647298430   -0.000000000000   -0.000000000000   -0.000000000000   -0.000000000000    0.000000000000    0.010118581414   -0.000000000000   -0.000000000000   -0.000000000000   -0.000000000000
  -0.001455173265   -0.003955725120   -0.008816041622   -0.003219019888    0.007001908800    0.006638010933   -0.000000000000   -0.000000000000    0.006394507706   -0.000000000000    0.000000000000    0.010273562573    0.000000000000    0.000000000000    0.002973579765   -0.000000000000   -0.000000000000   -0.422124169018    0.000000000000    0.000000000000    0.000000000000    0.000000000000   -0.384935731719   -0.000000000000   -0.000000000000    0.000000000000   -0.000000000000    0.000000000000    0.010914176931    0.000000000000    0.000000000000    0.000000000000
   0.000000000000    0.000000000000    0.000000000000    0.000000000000   -0.000000000000   -0.000000000000    0.005285297985    0.000000000000    0.000000000000    0.008851158808   -0.000000000000    0.000000000000    0.003057907690   -0.000000000000    0.000000000000    0.000000000000    0.000000000000    0.000000000000   -0.426724117059    0.000000000000   -0.000000000000   -0.000000000000    0.000000000000   -0.373647298430   -0.000000000000   -0.000000000000    0.000000000000   -0.000000000000   -0.000000000000    0.010118581414    0.000000000000   -0.000000000000
   0.000000000000    0.000000000000    0.000000000000    0.000000000000   -0.000000000000   -0.000000000000    0.000000000000   -0.000000000000    0.000000000000    0.000000000000    0.000000000000    0.000000000000   -0.000000000000    0.000000000000    0.000000000000   -0.000000000000   -0.000000000000    0.000000000000    0.000000000000   -0.422985678750    0.000000000000    0.000000000000    0.000000000000   -0.000000000000   -0.368189182423    0.000000000000   -0.000000000000    0.000000000000   -0.000000000000   -0.000000000000    0.007749178093    0.000000000000
   0.000000000000    0.000000000000    0.000000000000   -0.000000000000    0.000000000000    0.000000000000    0.000000000000    0.000000000000   -0.000000000000    0.000000000000    0.000000000000   -0.000000000000    0.000000000000    0.000000000000   -0.000000000000   -0.368189182423    0.000000000000    0.000000000000   -0.000000000000    0.000000000000    0.227437959459    0.000000000000   -0.000000000000   -0.000000000000    0.000000000000    0.000000000000    0.005010340365   -0.000000000000    0.000000000000    0.000000000000   -0.000000000000   -0.000000000000
   0.000000000000    0.000000000000    0.000000000000   -0.000000000000   -0.000000000000   -0.000000000000   -0.000000000000    0.001180477261    0.000000000000   -0.000000000000    0.005058079721    0.000000000000    0.000000000000    0.004674552984    0.000000000000   -0.000000000000   -0.373647298430    0.000000000000   -0.000000000000    0.000000000000    0.000000000000    0.181531391772    0.000000000000   -0.000000000000   -0.000000000000    0.000000000000    0.000000000000    0.006342730109    0.000000000000   -0.000000000000   -0.000000000000    0.000000000000
   0.000218167593    0.000661348460    0.001374267810   -0.004743916543   -0.074615537889   -0.139173964071   -0.000000000000   -0.000000000000    0.001369448564    0.000000000000    0.000000000000    0.003556436167    0.000000000000    0.000000000000    0.000582176177   -0.000000000000   -0.000000000000   -0.384935731719    0.000000000000    0.000000000000   -0.000000000000    0.000000000000    0.015837594992   -0.000000000000   -0.000000000000   -0.000000000000    0.000000000000    0.000000000000    0.006689431719    0.000000000000    0.000000000000    0.000000000000
   0.000000000000    0.000000000000    0.000000000000   -0.000000000000   -0.000000000000   -0.000000000000    0.001180477261   -0.000000000000    0.000000000000    0.005058079721    0.000000000000    0.000000000000    0.004674552984    0.000000000000    0.000000000000   -0.000000000000   -0.000000000000   -0.000000000000   -0.373647298430   -0.000000000000   -0.000000000000   -0.000000000000   -0.000000000000    0.181531391772   -0.000000000000   -0.000000000000    0.000000000000   -0.000000000000   -0.000000000000    0.006342730109    0.000000000000   -0.000000000000
   0.000000000000    0.000000000000   -0.000000000000   -0.000000000000   -0.000000000000   -0.000000000000    0.000000000000   -0.000000000000   -0.000000000000    0.000000000000    0.000000000000   -0.000000000000   -0.000000000000    0.000000000000    0.000000000000   -0.000000000000   -0.000000000000   -0.000000000000   -0.000000000000   -0.368189182423    0.000000000000   -0.000000000000   -0.000000000000   -0.000000000000    0.227437959459    0.000000000000   -0.000000000000   -0.000000000000    0.000000000000   -0.000000000000    0.005010340365    0.000000000000
  -0.000000000000   -0.000000000000   -0.000000000000   -0.000000000000    0.000000000000    0.000000000000    0.000000000000    0.000000000000    0.000000000000    0.000000000000    0.000000000000    0.000000000000    0.000000000000   -0.000000000000   -0.000000000000    0.000000000000   -0.000000000000    0.000000000000   -0.000000000000    0.000000000000    0.000000000000    0.000000000000   -0.000000000000   -0.000000000000    0.000000000000    1.843635347440    0.000000000000   -0.000000000000   -0.000000000000   -0.000000000000    0.000000000000   -0.000000000000
   0.000000000000    0.000000000000    0.000000000000    0.000000000000   -0.000000000000   -0.000000000000    0.000000000000   -0.000000000000    0.000000000000    0.000000000000    0.000000000000    0.000000000000    0.000000000000    0.000000000000   -0.000000000000    0.007749178093    0.000000000000   -0.000000000000    0.000000000000   -0.000000000000    0.005010340365    0.000000000000    0.000000000000    0.000000000000   -0.000000000000    0.000000000000    1.837928142905    0.000000000000   -0.000000000000    0.000000000000   -0.000000000000   -0.000000000000
  -0.000000000000   -0.000000000000   -0.000000000000   -0.000000000000    0.000000000000    0.000000000000    0.000000000000   -0.003656774840   -0.000000000000   -0.000000000000   -0.005058632663    0.000000000000   -0.000000000000   -0.002487186066    0.000000000000   -0.000000000000    0.010118581414    0.000000000000   -0.000000000000    0.000000000000   -0.000000000000    0.006342730109    0.000000000000   -0.000000000000   -0.000000000000   -0.000000000000    0.000000000000    1.832738436327    0.000000000000    0.000000000000   -0.000000000000    0.000000000000
   0.000062219043    0.000171963116    0.000372639575   -0.000003030031   -0.001221599813   -0.001453114426   -0.000000000000   -0.000000000000   -0.003569120888   -0.000000000000   -0.000000000000   -0.011035534659   -0.000000000000    0.000000000000   -0.008672503671    0.000000000000   -0.000000000000    0.010914176931   -0.000000000000   -0.000000000000    0.000000000000    0.000000000000    0.006689431719   -0.000000000000    0.000000000000   -0.000000000000   -0.000000000000    0.000000000000    1.829304348255    0.000000000000   -0.000000000000   -0.000000000000
  -0.000000000000   -0.000000000000   -0.000000000000   -0.000000000000    0.000000000000    0.000000000000   -0.003656774840    0.000000000000    0.000000000000   -0.005058632663   -0.000000000000    0.000000000000   -0.002487186066   -0.000000000000   -0.000000000000    0.000000000000   -0.000000000000    0.000000000000    0.010118581414   -0.000000000000    0.000000000000   -0.000000000000    0.000000000000    0.006342730109   -0.000000000000   -0.000000000000    0.000000000000    0.000000000000    0.000000000000    1.832738436327    0.000000000000    0.000000000000
   0.000000000000    0.000000000000    0.000000000000    0.000000000000   -0.000000000000   -0.000000000000    0.000000000000   -0.000000000000   -0.000000000000    0.000000000000   -0.000000000000    0.000000000000   -0.000000000000   -0.000000000000    0.000000000000   -0.000000000000   -0.000000000000    0.000000000000    0.000000000000    0.007749178093   -0.000000000000   -0.000000000000    0.000000000000    0.000000000000    0.005010340365    0.000000000000   -0.000000000000   -0.000000000000   -0.000000000000    0.000000000000    1.837928142905    0.000000000000
   0.000000000000    0.000000000000    0.000000000000    0.000000000000   -0.000000000000   -0.000000000000   -0.000000000000   -0.000000000000    0.000000000000   -0.000000000000   -0.000000000000    0.000000000000    0.000000000000   -0.000000000000   -0.000000000000   -0.000000000000   -0.000000000000    0.000000000000   -0.000000000000    0.000000000000   -0.000000000000    0.000000000000    0.000000000000   -0.000000000000    0.000000000000   -0.000000000000   -0.000000000000    0.000000000000   -0.000000000000    0.000000000000    0.000000000000    1.843635347440
