 166.313892511914  133.308325943888   51.859798820405   28.918911049815    9.931314446978    4.551262774737   -0.000000000000    0.000000000000    0.000108192146   -0.000000000000    0.000000000000   -0.000384407061    0.000000000000    0.000000000000   -0.000784107841   -0.000000000000    0.000000000000   -0.001466790271    0.000000000000    0.000000000000   -0.000000000000    0.000000000000    0.000218442168    0.000000000000    0.000000000000    0.000000000000   -0.000000000000    0.000000000000   -0.000055355900    0.000000000000    0.000000000000   -0.000000000000
 133.308325943888  111.033427234783   44.356472753065   24.436127260370    8.253593042094    3.766974895487   -0.000000000000    0.000000000000    0.000153912738   -0.000000000000    0.000000000000   -0.001023275874    0.000000000000    0.000000000000   -0.002155768864   -0.000000000000    0.000000000000   -0.003987948872    0.000000000000    0.000000000000   -0.000000000000    0.000000000000    0.000661429887    0.000000000000    0.000000000000    0.000000000000   -0.000000000000    0.000000000000   -0.000152985292    0.000000000000    0.000000000000   -0.000000000000
  51.859798820405   44.356472753065   15.659702920517    6.927500546109    1.412986489248    0.501014177181   -0.000000000000    0.000000000000   -0.002525075958   -0.000000000000    0.000000000000   -0.003963884216    0.000000000000    0.000000000000   -0.004052721865   -0.000000000000    0.000000000000   -0.008905039523   -0.000000000000   -0.000000000000   -0.000000000000    0.000000000000    0.001365852652    0.000000000000   -0.000000000000    0.000000000000   -0.000000000000    0.000000000000   -0.000331216619    0.000000000000    0.000000000000   -0.000000000000
  28.918911049815   24.436127260370    6.927500546109    1.959784894446   -0.470837198613   -0.446547543129   -0.000000000000    0.000000000000   -0.005747871148   -0.000000000000    0.000000000000   -0.004673516516   -0.000000000000    0.000000000000    0.002605254827   -0.000000000000    0.000000000000   -0.003272501188    0.000000000000   -0.000000000000    0.000000000000   -0.000000000000   -0.004770614657   -0.000000000000   -0.000000000000   -0.000000000000   -0.000000000000   -0.000000000000    0.000003797308    0.000000000000    0.000000000000   -0.000000000000
   9.931314446978    8.253593042094    1.412986489248   -0.470837198613   -0.972850726239   -0.706823758218   -0.000000000000    0.000000000000   -0.006885619239   -0.000000000000    0.000000000000    0.000413698739   -0.000000000000    0.000000000000    0.020836003744    0.000000000000   -0.000000000000    0.007099677149   -0.000000000000   -0.000000000000    0.000000000000   -0.000000000000   -0.074687092388    0.000000000000   -0.000000000000    0.000000000000   -0.000000000000   -0.000000000000    0.001088305606    0.000000000000   -0.000000000000    0.000000000000
   4.551262774737    3.766974895487    0.501014177181   -0.446547543129   -0.706823758218   -0.553522579878   -0.000000000000    0.000000000000   -0.004500856588   -0.000000000000    0.000000000000    0.005488850615   -0.000000000000    0.000000000000    0.023594334536    0.000000000000   -0.000000000000    0.006774161848   -0.000000000000   -0.000000000000    0.000000000000   -0.000000000000   -0.139220077445    0.000000000000    0.000000000000    0.000000000000   -0.000000000000   -0.000000000000    0.001295311089    0.000000000000   -0.000000000000    0.000000000000
  -0.000000000000   -0.000000000000   -0.000000000000   -0.000000000000   -0.000000000000   -0.000000000000   -2.717613714250   -0.000000000000    0.000000000000   -2.053822028447   -0.000000000000    0.000000000000   -0.456676043060    0.000000000000   -0.000000000000    0.000000000000   -0.000000000000    0.000000000000   -0.004666782718   -0.000000000000    0.000000000000   -0.000000000000    0.000000000000   -0.001043599172    0.000000000000    0.000000000000    0.000000000000   -0.000000000000   -0.000000000000   -0.003708389131   -0.000000000000   -0.000000000000
   0.000000000000    0.000000000000    0.000000000000    0.000000000000    0.000000000000    0.000000000000   -0.000000000000   -2.717613714250    0.000000000000   -0.000000000000   -2.053822028447   -0.000000000000   -0.000000000000   -0.456676043060   -0.000000000000   -0.000000000000   -0.004666782718   -0.000000000000    0.000000000000   -0.000000000000   -0.000000000000   -0.001043599172   -0.000000000000    0.000000000000   -0.000000000000   -0.000000000000    0.000000000000   -0.003708389131    0.000000000000   -0.000000000000   -0.000000000000    0.000000000000
   0.000108192146    0.000153912738   -0.002525075958   -0.005747871148   -0.006885619239   -0.004500856588    0.000000000000    0.000000000000   -2.723429494654   -0.000000000000   -0.000000000000   -2.053883705852   -0.000000000000   -0.000000000000   -0.454811475673    0.000000000000    0.000000000000   -0.005647085179   -0.000000000000   -0.000000000000    0.000000000000    0.000000000000   -0.001212363633   -0.000000000000   -0.000000000000   -0.000000000000    0.000000000000    0.000000000000   -0.003644256627   -0.000000000000    0.000000000000   -0.000000000000
  -0.000000000000   -0.000000000000   -0.000000000000   -0.000000000000   -0.000000000000   -0.000000000000   -2.053822028447   -0.000000000000   -0.000000000000   -1.101489409398   -0.000000000000    0.000000000000   -0.322547601887    0.000000000000   -0.000000000000    0.000000000000    0.000000000000   -0.000000000000   -0.007864095626    0.000000000000    0.000000000000    0.000000000000   -0.000000000000   -0.004497686936    0.000000000000    0.000000000000    0.000000000000   -0.000000000000   -0.000000000000   -0.005128765901    0.000000000000   -0.000000000000
   0.000000000000    0.000000000000    0.000000000000    0.000000000000    0.000000000000    0.000000000000   -0.000000000000   -2.053822028447   -0.000000000000   -0.000000000000   -1.101489409398   -0.000000000000    0.000000000000   -0.322547601887    0.000000000000   -0.000000000000   -0.007864095626   -0.000000000000   -0.000000000000   -0.000000000000   -0.000000000000   -0.004497686936   -0.000000000000   -0.000000000000   -0.000000000000    0.000000000000    0.000000000000   -0.005128765901   -0.000000000000   -0.000000000000   -0.000000000000   -0.000000000000
  -0.000384407061   -0.001023275874   -0.003963884216   -0.004673516516    0.000413698739    0.005488850615    0.000000000000   -0.000000000000   -2.053883705852    0.000000000000   -0.000000000000   -1.120690808422    0.000000000000   -0.000000000000   -0.362193655798   -0.000000000000    0.000000000000   -0.009129918478    0.000000000000    0.000000000000   -0.000000000000    0.000000000000   -0.003153659753    0.000000000000   -0.000000000000   -0.000000000000   -0.000000000000    0.000000000000   -0.011109976303    0.000000000000   -0.000000000000   -0.000000000000
   0.000000000000    0.000000000000    0.000000000000   -0.000000000000   -0.000000000000   -0.000000000000   -0.456676043060   -0.000000000000   -0.000000000000   -0.322547601887    0.000000000000    0.000000000000   -0.018981973702    0.000000000000    0.000000000000    0.000000000000    0.000000000000   -0.000000000000   -0.002733719529    0.000000000000    0.000000000000    0.000000000000   -0.000000000000   -0.004180106790    0.000000000000    0.000000000000    0.000000000000    0.000000000000    0.000000000000   -0.002497151707   -0.000000000000   -0.000000000000
   0.000000000000    0.000000000000    0.000000000000    0.000000000000    0.000000000000    0.000000000000    0.000000000000   -0.456676043060   -0.000000000000    0.000000000000   -0.322547601887   -0.000000000000    0.000000000000   -0.018981973702    0.000000000000   -0.000000000000   -0.002733719529   -0.000000000000   -0.000000000000   -0.000000000000   -0.000000000000   -0.004180106790   -0.000000000000   -0.000000000000   -0.000000000000    0.000000000000   -0.000000000000   -0.002497151707   -0.000000000000    0.000000000000   -0.000000000000   -0.000000000000
  -0.000784107841   -0.002155768864   -0.004052721865    0.002605254827    0.020836003744    0.023594334536   -0.000000000000   -0.000000000000   -0.454811475673   -0.000000000000    0.000000000000   -0.362193655798    0.000000000000    0.000000000000   -0.370229716201   -0.000000000000   -0.000000000000   -0.002658928866    0.000000000000    0.000000000000   -0.000000000000    0.000000000000   -0.000509883422    0.000000000000   -0.000000000000    0.000000000000   -0.000000000000   -0.000000000000   -0.008639937989    0.000000000000   -0.000000000000   -0.000000000000
  -0.000000000000   -0.000000000000   -0.000000000000   -0.000000000000    0.000000000000    0.000000000000    0.000000000000   -0.000000000000    0.000000000000    0.000000000000   -0.000000000000   -0.000000000000    0.000000000000   -0.000000000000   -0.000000000000   -0.423850737084    0.000000000000    0.000000000000   -0.000000000000    0.000000000000   -0.368570299686   -0.000000000000   -0.000000000000    0.000000000000   -0.000000000000   -0.000000000000   -0.006873765390    0.000000000000    0.000000000000   -0.000000000000   -0.000000000000   -0.000000000000
   0.000000000000    0.000000000000    0.000000000000    0.000000000000   -0.000000000000   -0.000000000000   -0.000000000000   -0.004666782718    0.000000000000    0.000000000000   -0.007864095626    0.000000000000    0.000000000000   -0.002733719529   -0.000000000000    0.000000000000   -0.427668624036    0.000000000000   -0.000000000000   -0.000000000000   -0.000000000000   -0.374073481752    0.000000000000   -0.000000000000   -0.000000000000   -0.000000000000    0.000000000000   -0.008975129159   -0.000000000000    0.000000000000   -0.000000000000    0.000000000000
  -0.001466790271   -0.003987948872   -0.008905039523   -0.003272501188    0.007099677149    0.006774161848    0.000000000000   -0.000000000000   -0.005647085179   -0.000000000000   -0.000000000000   -0.009129918478   -0.000000000000   -0.000000000000   -0.002658928866    0.000000000000    0.000000000000   -0.423113612264   -0.000000000000    0.000000000000    0.000000000000   -0.000000000000   -0.385354861995   -0.000000000000   -0.000000000000    0.000000000000   -0.000000000000    0.000000000000   -0.009682294802   -0.000000000000    0.000000000000   -0.000000000000
   0.000000000000    0.000000000000   -0.000000000000    0.000000000000   -0.000000000000   -0.000000000000   -0.004666782718    0.000000000000   -0.000000000000   -0.007864095626   -0.000000000000    0.000000000000   -0.002733719529   -0.000000000000    0.000000000000   -0.000000000000   -0.000000000000   -0.000000000000   -0.427668624036    0.000000000000   -0.000000000000   -0.000000000000    0.000000000000   -0.374073481752    0.000000000000    0.000000000000    0.000000000000    0.000000000000   -0.000000000000   -0.008975129159   -0.000000000000   -0.000000000000
   0.000000000000    0.000000000000   -0.000000000000   -0.000000000000   -0.000000000000   -0.000000000000   -0.000000000000   -0.000000000000   -0.000000000000    0.000000000000   -0.000000000000    0.000000000000    0.000000000000   -0.000000000000    0.000000000000    0.000000000000   -0.000000000000    0.000000000000    0.000000000000   -0.423850737084    0.000000000000    0.000000000000    0.000000000000   -0.000000000000   -0.368570299686    0.000000000000    0.000000000000    0.000000000000    0.000000000000   -0.000000000000   -0.006873765390   -0.000000000000
  -0.000000000000   -0.000000000000   -0.000000000000    0.000000000000    0.000000000000    0.000000000000    0.000000000000   -0.000000000000    0.000000000000    0.000000000000   -0.000000000000   -0.000000000000    0.000000000000   -0.000000000000   -0.000000000000   -0.368570299686   -0.000000000000    0.000000000000   -0.000000000000    0.000000000000    0.226604173971   -0.000000000000   -0.000000000000    0.000000000000   -0.000000000000   -0.000000000000   -0.004450363231    0.000000000000    0.000000000000   -0.000000000000   -0.000000000000   -0.000000000000
   0.000000000000    0.000000000000    0.000000000000   -0.000000000000   -0.000000000000   -0.000000000000   -0.000000000000   -0.001043599172    0.000000000000    0.000000000000   -0.004497686936    0.000000000000    0.000000000000   -0.004180106790    0.000000000000   -0.000000000000   -0.374073481752   -0.000000000000   -0.000000000000    0.000000000000   -0.000000000000    0.180595067465   -0.000000000000    0.000000000000   -0.000000000000   -0.000000000000    0.000000000000   -0.005632952294   -0.000000000000    0.000000000000   -0.000000000000    0.000000000000
   0.000218442168    0.000661429887    0.001365852652   -0.004770614657   -0.074687092388   -0.139220077445    0.000000000000   -0.000000000000   -0.001212363633   -0.000000000000   -0.000000000000   -0.003153659753   -0.000000000000   -0.000000000000   -0.000509883422   -0.000000000000    0.000000000000   -0.385354861995    0.000000000000    0.000000000000   -0.000000000000   -0.000000000000    0.014963369516    0.000000000000   -0.000000000000   -0.000000000000   -0.000000000000    0.000000000000   -0.005940686765   -0.000000000000    0.000000000000   -0.000000000000
   0.000000000000    0.000000000000    0.000000000000   -0.000000000000    0.000000000000    0.000000000000   -0.001043599172    0.000000000000   -0.000000000000   -0.004497686936   -0.000000000000    0.000000000000   -0.004180106790   -0.000000000000    0.000000000000    0.000000000000   -0.000000000000   -0.000000000000   -0.374073481752   -0.000000000000    0.000000000000    0.000000000000    0.000000000000    0.180595067465    0.000000000000   -0.000000000000    0.000000000000    0.000000000000   -0.000000000000   -0.005632952294    0.000000000000    0.000000000000
   0.000000000000    0.000000000000   -0.000000000000   -0.000000000000   -0.000000000000    0.000000000000    0.000000000000   -0.000000000000   -0.000000000000    0.000000000000   -0.000000000000   -0.000000000000    0.000000000000   -0.000000000000   -0.000000000000   -0.000000000000   -0.000000000000   -0.000000000000    0.000000000000   -0.368570299686   -0.000000000000   -0.000000000000   -0.000000000000    0.000000000000    0.226604173971    0.000000000000    0.000000000000    0.000000000000    0.000000000000   -0.000000000000   -0.004450363231    0.000000000000
   0.000000000000    0.000000000000    0.000000000000   -0.000000000000    0.000000000000    0.000000000000    0.000000000000   -0.000000000000   -0.000000000000    0.000000000000    0.000000000000   -0.000000000000    0.000000000000    0.000000000000    0.000000000000   -0.000000000000   -0.000000000000    0.000000000000    0.000000000000    0.000000000000   -0.000000000000   -0.000000000000   -0.000000000000   -0.000000000000    0.000000000000    1.842803245177    0.000000000000   -0.000000000000    0.000000000000    0.000000000000    0.000000000000    0.000000000000
  -0.000000000000   -0.000000000000   -0.000000000000   -0.000000000000   -0.000000000000   -0.000000000000    0.000000000000    0.000000000000    0.000000000000    0.000000000000    0.000000000000   -0.000000000000    0.000000000000   -0.000000000000   -0.000000000000   -0.006873765390    0.000000000000   -0.000000000000    0.000000000000    0.000000000000   -0.004450363231    0.000000000000   -0.000000000000    0.000000000000    0.000000000000    0.000000000000    1.837004092186    0.000000000000    0.000000000000    0.000000000000    0.000000000000   -0.000000000000
   0.000000000000    0.000000000000    0.000000000000   -0.000000000000   -0.000000000000   -0.000000000000   -0.000000000000   -0.003708389131    0.000000000000   -0.000000000000   -0.005128765901    0.000000000000    0.000000000000   -0.002497151707   -0.000000000000    0.000000000000   -0.008975129159    0.000000000000    0.000000000000    0.000000000000    0.000000000000   -0.005632952294    0.000000000000    0.000000000000    0.000000000000   -0.000000000000    0.000000000000    1.831752584160    0.000000000000   -0.000000000000   -0.000000000000   -0.000000000000
  -0.000055355900   -0.000152985292   -0.000331216619    0.000003797308    0.001088305606    0.001295311089   -0.000000000000    0.000000000000   -0.003644256627   -0.000000000000   -0.000000000000   -0.011109976303    0.000000000000   -0.000000000000   -0.008639937989    0.000000000000   -0.000000000000   -0.009682294802   -0.000000000000    0.000000000000    0.000000000000   -0.000000000000   -0.005940686765   -0.000000000000    0.000000000000    0.000000000000    0.000000000000    0.000000000000    1.828299443469    0.000000000000    0.000000000000   -0.000000000000
   0.000000000000    0.000000000000    0.000000000000    0.000000000000    0.000000000000    0.000000000000   -0.003708389131   -0.000000000000   -0.000000000000   -0.005128765901   -0.000000000000    0.000000000000   -0.002497151707    0.000000000000    0.000000000000   -0.000000000000    0.000000000000   -0.000000000000   -0.008975129159   -0.000000000000   -0.000000000000    0.000000000000   -0.000000000000   -0.005632952294   -0.000000000000    0.000000000000    0.000000000000   -0.000000000000    0.000000000000    1.831752584160    0.000000000000    0.000000000000
   0.000000000000    0.000000000000    0.000000000000    0.000000000000   -0.000000000000   -0.000000000000   -0.000000000000   -0.000000000000    0.000000000000    0.000000000000   -0.000000000000   -0.000000000000   -0.000000000000   -0.000000000000   -0.000000000000   -0.000000000000   -0.000000000000    0.000000000000   -0.000000000000   -0.006873765390   -0.000000000000   -0.000000000000    0.000000000000    0.000000000000   -0.004450363231    0.000000000000    0.000000000000   -0.000000000000    0.000000000000    0.000000000000    1.837004092186    0.000000000000
  -0.000000000000   -0.000000000000   -0.000000000000   -0.000000000000    0.000000000000    0.000000000000   -0.000000000000    0.000000000000   -0.000000000000   -0.000000000000   -0.000000000000   -0.000000000000   -0.000000000000   -0.000000000000   -0.000000000000   -0.000000000000    0.000000000000   -0.000000000000   -0.000000000000   -0.000000000000   -0.000000000000    0.000000000000   -0.000000000000    0.000000000000    0.000000000000    0.000000000000   -0.000000000000   -0.000000000000   -0.000000000000    0.000000000000    0.000000000000    1.842803245177
