 166.312874603649  133.307378396983   51.859322245803   28.918621526859    9.931186927921    4.551187483197   -0.000000000000   -0.000000000000    0.000119502534   -0.000000000000   -0.000000000000   -0.000432154239   -0.000000000000    0.000000000000   -0.000883942894    0.000000000000    0.000000000000   -0.001453263000    0.000000000000    0.000000000000    0.000000000000    0.000000000000    0.000218759659    0.000000000000    0.000000000000    0.000000000000    0.000000000000    0.000000000000   -0.000062039525   -0.000000000000    0.000000000000   -0.000000000000
 133.307378396983  111.032428038153   44.355827355033   24.435698103117    8.253367381333    3.766825607724   -0.000000000000   -0.000000000000    0.000165080989   -0.000000000000   -0.000000000000   -0.001151208525   -0.000000000000    0.000000000000   -0.002430250574    0.000000000000    0.000000000000   -0.003950424752    0.000000000000    0.000000000000    0.000000000000    0.000000000000    0.000663030217    0.000000000000    0.000000000000    0.000000000000    0.000000000000    0.000000000000   -0.000171385861   -0.000000000000    0.000000000000   -0.000000000000
  51.859322245803   44.355827355033   15.658747853266    6.926602768540    1.412425876279    0.500667183009   -0.000000000000   -0.000000000000   -0.002877681453   -0.000000000000   -0.000000000000   -0.004469538631   -0.000000000000    0.000000000000   -0.004568080012    0.000000000000    0.000000000000   -0.008802162787    0.000000000000    0.000000000000    0.000000000000    0.000000000000    0.001378085751    0.000000000000   -0.000000000000    0.000000000000    0.000000000000    0.000000000000   -0.000371244898   -0.000000000000    0.000000000000   -0.000000000000
  28.918621526859   24.435698103117    6.926602768540    1.958793286754   -0.471428601045   -0.446804666278   -0.000000000000   -0.000000000000   -0.006502090243   -0.000000000000   -0.000000000000   -0.005284903263   -0.000000000000    0.000000000000    0.002936441757    0.000000000000    0.000000000000   -0.003211109246   -0.000000000000    0.000000000000    0.000000000000   -0.000000000000   -0.004743112967   -0.000000000000   -0.000000000000    0.000000000000    0.000000000000   -0.000000000000    0.000002571086   -0.000000000000    0.000000000000    0.000000000000
   9.931186927921    8.253367381333    1.412425876279   -0.471428601045   -0.973108416365   -0.706769300488   -0.000000000000   -0.000000000000   -0.007755607347   -0.000000000000    0.000000000000    0.000414192419   -0.000000000000    0.000000000000    0.023491477690   -0.000000000000   -0.000000000000    0.006991165695   -0.000000000000   -0.000000000000   -0.000000000000   -0.000000000000   -0.074629430183   -0.000000000000   -0.000000000000   -0.000000000000   -0.000000000000   -0.000000000000    0.001215757877   -0.000000000000   -0.000000000000    0.000000000000
   4.551187483197    3.766825607724    0.500667183009   -0.446804666278   -0.706769300488   -0.553419488842   -0.000000000000   -0.000000000000   -0.005063199476   -0.000000000000    0.000000000000    0.006125481547   -0.000000000000    0.000000000000    0.026602974012   -0.000000000000   -0.000000000000    0.006624587959   -0.000000000000   -0.000000000000   -0.000000000000    0.000000000000   -0.139207151154   -0.000000000000   -0.000000000000   -0.000000000000   -0.000000000000    0.000000000000    0.001447529140   -0.000000000000   -0.000000000000    0.000000000000
  -0.000000000000   -0.000000000000   -0.000000000000   -0.000000000000   -0.000000000000   -0.000000000000   -2.718670344267    0.000000000000   -0.000000000000   -2.054516487089    0.000000000000   -0.000000000000   -0.456780888616    0.000000000000    0.000000000000    0.000000000000    0.000000000000    0.000000000000   -0.005281863932   -0.000000000000    0.000000000000    0.000000000000    0.000000000000   -0.001180047595   -0.000000000000    0.000000000000   -0.000000000000   -0.000000000000   -0.000000000000   -0.003647646154   -0.000000000000   -0.000000000000
  -0.000000000000   -0.000000000000   -0.000000000000   -0.000000000000   -0.000000000000   -0.000000000000    0.000000000000   -2.718670344267    0.000000000000    0.000000000000   -2.054516487089   -0.000000000000    0.000000000000   -0.456780888616   -0.000000000000   -0.000000000000   -0.005281863932    0.000000000000    0.000000000000    0.000000000000   -0.000000000000   -0.001180047595    0.000000000000    0.000000000000   -0.000000000000    0.000000000000   -0.000000000000   -0.003647646154   -0.000000000000   -0.000000000000   -0.000000000000   -0.000000000000
   0.000119502534    0.000165080989   -0.002877681453   -0.006502090243   -0.007755607347   -0.005063199476   -0.000000000000    0.000000000000   -2.724404554678    0.000000000000    0.000000000000   -2.054507923760   -0.000000000000    0.000000000000   -0.454882032124    0.000000000000    0.000000000000   -0.006385687884   -0.000000000000    0.000000000000   -0.000000000000    0.000000000000   -0.001372966454   -0.000000000000   -0.000000000000   -0.000000000000   -0.000000000000    0.000000000000   -0.003562256084    0.000000000000   -0.000000000000    0.000000000000
  -0.000000000000   -0.000000000000   -0.000000000000   -0.000000000000   -0.000000000000   -0.000000000000   -2.054516487089    0.000000000000    0.000000000000   -1.102403312666    0.000000000000   -0.000000000000   -0.322825988548   -0.000000000000    0.000000000000   -0.000000000000   -0.000000000000    0.000000000000   -0.008851680039   -0.000000000000   -0.000000000000   -0.000000000000    0.000000000000   -0.005065240635   -0.000000000000    0.000000000000    0.000000000000   -0.000000000000   -0.000000000000   -0.005047650636   -0.000000000000   -0.000000000000
  -0.000000000000   -0.000000000000   -0.000000000000   -0.000000000000    0.000000000000    0.000000000000    0.000000000000   -2.054516487089    0.000000000000    0.000000000000   -1.102403312666   -0.000000000000    0.000000000000   -0.322825988548    0.000000000000   -0.000000000000   -0.008851680039    0.000000000000    0.000000000000   -0.000000000000   -0.000000000000   -0.005065240635    0.000000000000   -0.000000000000   -0.000000000000    0.000000000000   -0.000000000000   -0.005047650636   -0.000000000000   -0.000000000000   -0.000000000000    0.000000000000
  -0.000432154239   -0.001151208525   -0.004469538631   -0.005284903263    0.000414192419    0.006125481547   -0.000000000000   -0.000000000000   -2.054507923760   -0.000000000000   -0.000000000000   -1.121629128048   -0.000000000000    0.000000000000   -0.362742178871   -0.000000000000   -0.000000000000   -0.010289127211   -0.000000000000   -0.000000000000   -0.000000000000    0.000000000000   -0.003574359439   -0.000000000000   -0.000000000000   -0.000000000000    0.000000000000    0.000000000000   -0.011026048501   -0.000000000000   -0.000000000000    0.000000000000
  -0.000000000000   -0.000000000000   -0.000000000000   -0.000000000000   -0.000000000000   -0.000000000000   -0.456780888616    0.000000000000   -0.000000000000   -0.322825988548    0.000000000000   -0.000000000000   -0.019597732566   -0.000000000000    0.000000000000   -0.000000000000   -0.000000000000    0.000000000000   -0.003062696539    0.000000000000   -0.000000000000   -0.000000000000    0.000000000000   -0.004693659860   -0.000000000000    0.000000000000    0.000000000000   -0.000000000000    0.000000000000   -0.002485299289   -0.000000000000    0.000000000000
   0.000000000000    0.000000000000    0.000000000000    0.000000000000    0.000000000000    0.000000000000    0.000000000000   -0.456780888616    0.000000000000   -0.000000000000   -0.322825988548    0.000000000000   -0.000000000000   -0.019597732566    0.000000000000   -0.000000000000   -0.003062696539   -0.000000000000   -0.000000000000   -0.000000000000   -0.000000000000   -0.004693659860   -0.000000000000   -0.000000000000   -0.000000000000   -0.000000000000   -0.000000000000   -0.002485299289   -0.000000000000    0.000000000000   -0.000000000000   -0.000000000000
  -0.000883942894   -0.002430250574   -0.004568080012    0.002936441757    0.023491477690    0.026602974012    0.000000000000   -0.000000000000   -0.454882032124    0.000000000000    0.000000000000   -0.362742178871    0.000000000000    0.000000000000   -0.371474253491   -0.000000000000    0.000000000000   -0.003007171982    0.000000000000   -0.000000000000   -0.000000000000    0.000000000000   -0.000589159835    0.000000000000   -0.000000000000    0.000000000000    0.000000000000    0.000000000000   -0.008675012099   -0.000000000000    0.000000000000    0.000000000000
   0.000000000000    0.000000000000    0.000000000000    0.000000000000   -0.000000000000   -0.000000000000    0.000000000000   -0.000000000000    0.000000000000   -0.000000000000   -0.000000000000   -0.000000000000   -0.000000000000   -0.000000000000   -0.000000000000   -0.424935943409   -0.000000000000   -0.000000000000   -0.000000000000    0.000000000000   -0.368993353646    0.000000000000   -0.000000000000    0.000000000000    0.000000000000   -0.000000000000   -0.007746007193    0.000000000000    0.000000000000    0.000000000000    0.000000000000   -0.000000000000
   0.000000000000    0.000000000000    0.000000000000    0.000000000000   -0.000000000000   -0.000000000000    0.000000000000   -0.005281863932    0.000000000000   -0.000000000000   -0.008851680039   -0.000000000000   -0.000000000000   -0.003062696539    0.000000000000   -0.000000000000   -0.428667157465    0.000000000000   -0.000000000000   -0.000000000000   -0.000000000000   -0.374445568365   -0.000000000000    0.000000000000   -0.000000000000   -0.000000000000   -0.000000000000   -0.010115952211    0.000000000000    0.000000000000   -0.000000000000    0.000000000000
  -0.001453263000   -0.003950424752   -0.008802162787   -0.003211109246    0.006991165695    0.006624587959    0.000000000000    0.000000000000   -0.006385687884    0.000000000000    0.000000000000   -0.010289127211    0.000000000000   -0.000000000000   -0.003007171982   -0.000000000000    0.000000000000   -0.424093008419    0.000000000000   -0.000000000000    0.000000000000    0.000000000000   -0.385728881069   -0.000000000000    0.000000000000   -0.000000000000    0.000000000000    0.000000000000   -0.010914059420   -0.000000000000    0.000000000000   -0.000000000000
   0.000000000000    0.000000000000    0.000000000000   -0.000000000000   -0.000000000000   -0.000000000000   -0.005281863932    0.000000000000   -0.000000000000   -0.008851680039    0.000000000000   -0.000000000000   -0.003062696539   -0.000000000000    0.000000000000   -0.000000000000   -0.000000000000    0.000000000000   -0.428667157465    0.000000000000    0.000000000000    0.000000000000   -0.000000000000   -0.374445568365   -0.000000000000    0.000000000000    0.000000000000   -0.000000000000   -0.000000000000   -0.010115952211   -0.000000000000    0.000000000000
   0.000000000000    0.000000000000    0.000000000000    0.000000000000   -0.000000000000   -0.000000000000   -0.000000000000    0.000000000000    0.000000000000   -0.000000000000   -0.000000000000   -0.000000000000    0.000000000000   -0.000000000000   -0.000000000000    0.000000000000   -0.000000000000   -0.000000000000    0.000000000000   -0.424935943409   -0.000000000000    0.000000000000    0.000000000000    0.000000000000   -0.368993353646    0.000000000000    0.000000000000   -0.000000000000   -0.000000000000    0.000000000000   -0.007746007193   -0.000000000000
   0.000000000000    0.000000000000    0.000000000000    0.000000000000   -0.000000000000   -0.000000000000    0.000000000000   -0.000000000000   -0.000000000000   -0.000000000000   -0.000000000000   -0.000000000000   -0.000000000000   -0.000000000000   -0.000000000000   -0.368993353646   -0.000000000000    0.000000000000    0.000000000000   -0.000000000000    0.225742990023   -0.000000000000   -0.000000000000    0.000000000000   -0.000000000000   -0.000000000000   -0.005010539189    0.000000000000    0.000000000000    0.000000000000    0.000000000000   -0.000000000000
   0.000000000000    0.000000000000    0.000000000000   -0.000000000000   -0.000000000000    0.000000000000    0.000000000000   -0.001180047595    0.000000000000   -0.000000000000   -0.005065240635    0.000000000000   -0.000000000000   -0.004693659860    0.000000000000    0.000000000000   -0.374445568365    0.000000000000    0.000000000000    0.000000000000   -0.000000000000    0.179843222163   -0.000000000000    0.000000000000   -0.000000000000    0.000000000000    0.000000000000   -0.006346142972    0.000000000000    0.000000000000   -0.000000000000    0.000000000000
   0.000218759659    0.000663030217    0.001378085751   -0.004743112967   -0.074629430183   -0.139207151154    0.000000000000    0.000000000000   -0.001372966454    0.000000000000    0.000000000000   -0.003574359439    0.000000000000   -0.000000000000   -0.000589159835   -0.000000000000   -0.000000000000   -0.385728881069   -0.000000000000    0.000000000000   -0.000000000000   -0.000000000000    0.014137921510   -0.000000000000    0.000000000000    0.000000000000    0.000000000000    0.000000000000   -0.006694990054   -0.000000000000   -0.000000000000   -0.000000000000
   0.000000000000    0.000000000000    0.000000000000   -0.000000000000   -0.000000000000   -0.000000000000   -0.001180047595    0.000000000000   -0.000000000000   -0.005065240635   -0.000000000000   -0.000000000000   -0.004693659860   -0.000000000000    0.000000000000    0.000000000000    0.000000000000   -0.000000000000   -0.374445568365    0.000000000000    0.000000000000    0.000000000000   -0.000000000000    0.179843222163   -0.000000000000    0.000000000000    0.000000000000   -0.000000000000   -0.000000000000   -0.006346142972   -0.000000000000   -0.000000000000
   0.000000000000    0.000000000000   -0.000000000000   -0.000000000000   -0.000000000000   -0.000000000000   -0.000000000000   -0.000000000000   -0.000000000000   -0.000000000000   -0.000000000000   -0.000000000000   -0.000000000000   -0.000000000000   -0.000000000000    0.000000000000   -0.000000000000    0.000000000000   -0.000000000000   -0.368993353646   -0.000000000000   -0.000000000000    0.000000000000   -0.000000000000    0.225742990023    0.000000000000    0.000000000000   -0.000000000000    0.000000000000    0.000000000000   -0.005010539189   -0.000000000000
   0.000000000000    0.000000000000    0.000000000000    0.000000000000   -0.000000000000   -0.000000000000    0.000000000000    0.000000000000   -0.000000000000    0.000000000000    0.000000000000   -0.000000000000    0.000000000000   -0.000000000000    0.000000000000   -0.000000000000   -0.000000000000   -0.000000000000    0.000000000000    0.000000000000   -0.000000000000    0.000000000000    0.000000000000    0.000000000000    0.000000000000    1.841683349569   -0.000000000000   -0.000000000000    0.000000000000   -0.000000000000    0.000000000000   -0.000000000000
   0.000000000000    0.000000000000    0.000000000000    0.000000000000   -0.000000000000   -0.000000000000   -0.000000000000   -0.000000000000   -0.000000000000    0.000000000000   -0.000000000000    0.000000000000    0.000000000000   -0.000000000000    0.000000000000   -0.007746007193   -0.000000000000    0.000000000000    0.000000000000    0.000000000000   -0.005010539189    0.000000000000    0.000000000000    0.000000000000    0.000000000000   -0.000000000000    1.835987377832   -0.000000000000   -0.000000000000    0.000000000000    0.000000000000   -0.000000000000
   0.000000000000    0.000000000000    0.000000000000   -0.000000000000   -0.000000000000    0.000000000000   -0.000000000000   -0.003647646154    0.000000000000   -0.000000000000   -0.005047650636    0.000000000000   -0.000000000000   -0.002485299289    0.000000000000    0.000000000000   -0.010115952211    0.000000000000   -0.000000000000   -0.000000000000    0.000000000000   -0.006346142972    0.000000000000   -0.000000000000   -0.000000000000   -0.000000000000   -0.000000000000    1.830804837754    0.000000000000    0.000000000000   -0.000000000000    0.000000000000
  -0.000062039525   -0.000171385861   -0.000371244898    0.000002571086    0.001215757877    0.001447529140   -0.000000000000   -0.000000000000   -0.003562256084   -0.000000000000   -0.000000000000   -0.011026048501    0.000000000000   -0.000000000000   -0.008675012099    0.000000000000    0.000000000000   -0.010914059420   -0.000000000000   -0.000000000000    0.000000000000    0.000000000000   -0.006694990054   -0.000000000000    0.000000000000    0.000000000000   -0.000000000000    0.000000000000    1.827373258286   -0.000000000000   -0.000000000000   -0.000000000000
  -0.000000000000   -0.000000000000   -0.000000000000   -0.000000000000   -0.000000000000   -0.000000000000   -0.003647646154   -0.000000000000    0.000000000000   -0.005047650636   -0.000000000000   -0.000000000000   -0.002485299289    0.000000000000   -0.000000000000    0.000000000000    0.000000000000   -0.000000000000   -0.010115952211    0.000000000000    0.000000000000    0.000000000000   -0.000000000000   -0.006346142972    0.000000000000   -0.000000000000    0.000000000000    0.000000000000   -0.000000000000    1.830804837754   -0.000000000000    0.000000000000
   0.000000000000    0.000000000000    0.000000000000    0.000000000000   -0.000000000000   -0.000000000000   -0.000000000000   -0.000000000000   -0.000000000000   -0.000000000000   -0.000000000000   -0.000000000000   -0.000000000000   -0.000000000000    0.000000000000    0.000000000000   -0.000000000000    0.000000000000   -0.000000000000   -0.007746007193    0.000000000000   -0.000000000000   -0.000000000000   -0.000000000000   -0.005010539189    0.000000000000    0.000000000000   -0.000000000000   -0.000000000000   -0.000000000000    1.835987377832   -0.000000000000
  -0.000000000000   -0.000000000000   -0.000000000000    0.000000000000    0.000000000000    0.000000000000   -0.000000000000   -0.000000000000    0.000000000000   -0.000000000000    0.000000000000    0.000000000000    0.000000000000   -0.000000000000    0.000000000000   -0.000000000000    0.000000000000   -0.000000000000    0.000000000000   -0.000000000000   -0.000000000000    0.000000000000   -0.000000000000   -0.000000000000   -0.000000000000   -0.000000000000   -0.000000000000    0.000000000000   -0.000000000000    0.000000000000   -0.000000000000    1.841683349569
