 166.315898822582  133.310204255782   51.860764342545   28.919486044044    9.931520178512    4.551354472675    0.000000000000   -0.000000000000   -0.000120377898    0.000000000000   -0.000000000000    0.000433722480   -0.000000000000   -0.000000000000    0.000886212377   -0.000000000000    0.000000000000   -0.001457162264    0.000000000000   -0.000000000000   -0.000000000000   -0.000000000000    0.000217432853    0.000000000000   -0.000000000000    0.000000000000    0.000000000000    0.000000000000    0.000062430726   -0.000000000000    0.000000000000   -0.000000000000
 133.310204255782  111.035432956530   44.357815611046   24.436983599227    8.253913952271    3.767115760735    0.000000000000   -0.000000000000   -0.000166724906    0.000000000000   -0.000000000000    0.001155926540   -0.000000000000   -0.000000000000    0.002436525592   -0.000000000000    0.000000000000   -0.003961030388    0.000000000000   -0.000000000000   -0.000000000000   -0.000000000000    0.000659418505    0.000000000000   -0.000000000000    0.000000000000    0.000000000000    0.000000000000    0.000172626932   -0.000000000000    0.000000000000   -0.000000000000
  51.860764342545   44.357815611046   15.661721366847    6.929305113250    1.413907395135    0.501464824358    0.000000000000   -0.000000000000    0.002884210183    0.000000000000    0.000000000000    0.004484377391    0.000000000000   -0.000000000000    0.004578791172   -0.000000000000   -0.000000000000   -0.008824298313    0.000000000000   -0.000000000000   -0.000000000000   -0.000000000000    0.001372173048    0.000000000000    0.000000000000    0.000000000000    0.000000000000    0.000000000000    0.000374248367   -0.000000000000   -0.000000000000   -0.000000000000
  28.919486044044   24.436983599227    6.929305113250    1.961842561230   -0.469381807761   -0.445719987342    0.000000000000   -0.000000000000    0.006517265811    0.000000000000    0.000000000000    0.005289676410    0.000000000000    0.000000000000   -0.002947431088   -0.000000000000   -0.000000000000   -0.003213077852    0.000000000000    0.000000000000   -0.000000000000   -0.000000000000   -0.004738558887   -0.000000000000    0.000000000000    0.000000000000    0.000000000000   -0.000000000000   -0.000003361001   -0.000000000000   -0.000000000000   -0.000000000000
   9.931520178512    8.253913952271    1.413907395135   -0.469381807761   -0.970742773578   -0.705048835046    0.000000000000   -0.000000000000    0.007767326750    0.000000000000    0.000000000000   -0.000460946478    0.000000000000    0.000000000000   -0.023560550450    0.000000000000    0.000000000000    0.007032144351   -0.000000000000    0.000000000000   -0.000000000000    0.000000000000   -0.074585724931    0.000000000000    0.000000000000   -0.000000000000   -0.000000000000   -0.000000000000   -0.001227905180    0.000000000000   -0.000000000000    0.000000000000
   4.551354472675    3.767115760735    0.501464824358   -0.445719987342   -0.705048835046   -0.551448026176    0.000000000000   -0.000000000000    0.005066588315    0.000000000000    0.000000000000   -0.006176906914   -0.000000000000    0.000000000000   -0.026656157391    0.000000000000    0.000000000000    0.006663055603   -0.000000000000   -0.000000000000   -0.000000000000    0.000000000000   -0.139138262127    0.000000000000   -0.000000000000   -0.000000000000   -0.000000000000   -0.000000000000   -0.001459676599   -0.000000000000   -0.000000000000    0.000000000000
   0.000000000000    0.000000000000    0.000000000000    0.000000000000    0.000000000000    0.000000000000   -2.715577523751   -0.000000000000    0.000000000000   -2.052415466506   -0.000000000000   -0.000000000000   -0.456399148795   -0.000000000000   -0.000000000000    0.000000000000   -0.000000000000   -0.000000000000    0.005294867559   -0.000000000000    0.000000000000   -0.000000000000   -0.000000000000    0.001182409275    0.000000000000    0.000000000000   -0.000000000000    0.000000000000   -0.000000000000   -0.003656087794    0.000000000000    0.000000000000
  -0.000000000000   -0.000000000000   -0.000000000000   -0.000000000000   -0.000000000000   -0.000000000000   -0.000000000000   -2.715577523751    0.000000000000   -0.000000000000   -2.052415466506   -0.000000000000   -0.000000000000   -0.456399148795   -0.000000000000    0.000000000000    0.005294867559    0.000000000000    0.000000000000    0.000000000000   -0.000000000000    0.001182409275   -0.000000000000    0.000000000000   -0.000000000000   -0.000000000000   -0.000000000000   -0.003656087794   -0.000000000000   -0.000000000000    0.000000000000    0.000000000000
  -0.000120377898   -0.000166724906    0.002884210183    0.006517265811    0.007767326750    0.005066588315    0.000000000000    0.000000000000   -2.721320520518    0.000000000000    0.000000000000   -2.052400991895   -0.000000000000    0.000000000000   -0.454497308319    0.000000000000    0.000000000000    0.006410472901    0.000000000000   -0.000000000000    0.000000000000    0.000000000000    0.001368220778    0.000000000000   -0.000000000000   -0.000000000000    0.000000000000    0.000000000000   -0.003564024407   -0.000000000000   -0.000000000000    0.000000000000
   0.000000000000    0.000000000000    0.000000000000    0.000000000000    0.000000000000    0.000000000000   -2.052415466506   -0.000000000000    0.000000000000   -1.099425869278   -0.000000000000    0.000000000000   -0.321718022130    0.000000000000    0.000000000000   -0.000000000000    0.000000000000    0.000000000000    0.008861323095    0.000000000000   -0.000000000000    0.000000000000    0.000000000000    0.005057981138    0.000000000000    0.000000000000   -0.000000000000    0.000000000000   -0.000000000000   -0.005051947459    0.000000000000   -0.000000000000
  -0.000000000000   -0.000000000000    0.000000000000    0.000000000000    0.000000000000    0.000000000000   -0.000000000000   -2.052415466506    0.000000000000   -0.000000000000   -1.099425869278   -0.000000000000    0.000000000000   -0.321718022130    0.000000000000   -0.000000000000    0.008861323095   -0.000000000000   -0.000000000000   -0.000000000000   -0.000000000000    0.005057981138   -0.000000000000   -0.000000000000   -0.000000000000    0.000000000000    0.000000000000   -0.005051947459   -0.000000000000    0.000000000000    0.000000000000    0.000000000000
   0.000433722480    0.001155926540    0.004484377391    0.005289676410   -0.000460946478   -0.006176906914   -0.000000000000   -0.000000000000   -2.052400991895    0.000000000000   -0.000000000000   -1.118633909458    0.000000000000    0.000000000000   -0.361596904242   -0.000000000000   -0.000000000000    0.010271458349    0.000000000000    0.000000000000   -0.000000000000   -0.000000000000    0.003543337559   -0.000000000000    0.000000000000    0.000000000000    0.000000000000   -0.000000000000   -0.011025495833    0.000000000000   -0.000000000000    0.000000000000
  -0.000000000000   -0.000000000000    0.000000000000    0.000000000000    0.000000000000   -0.000000000000   -0.456399148795   -0.000000000000   -0.000000000000   -0.321718022130    0.000000000000    0.000000000000   -0.017275982236    0.000000000000    0.000000000000   -0.000000000000    0.000000000000    0.000000000000    0.003056507673    0.000000000000   -0.000000000000    0.000000000000    0.000000000000    0.004662489205    0.000000000000   -0.000000000000    0.000000000000    0.000000000000    0.000000000000   -0.002483567680   -0.000000000000   -0.000000000000
  -0.000000000000   -0.000000000000   -0.000000000000    0.000000000000    0.000000000000    0.000000000000   -0.000000000000   -0.456399148795    0.000000000000    0.000000000000   -0.321718022130    0.000000000000    0.000000000000   -0.017275982236    0.000000000000   -0.000000000000    0.003056507673   -0.000000000000   -0.000000000000    0.000000000000   -0.000000000000    0.004662489205   -0.000000000000   -0.000000000000    0.000000000000    0.000000000000    0.000000000000   -0.002483567680   -0.000000000000    0.000000000000   -0.000000000000   -0.000000000000
   0.000886212377    0.002436525592    0.004578791172   -0.002947431088   -0.023560550450   -0.026656157391   -0.000000000000   -0.000000000000   -0.454497308319    0.000000000000    0.000000000000   -0.361596904242    0.000000000000    0.000000000000   -0.368955473245   -0.000000000000   -0.000000000000    0.002944348970   -0.000000000000    0.000000000000    0.000000000000   -0.000000000000    0.000568852480   -0.000000000000    0.000000000000   -0.000000000000    0.000000000000   -0.000000000000   -0.008670760960    0.000000000000   -0.000000000000   -0.000000000000
  -0.000000000000   -0.000000000000   -0.000000000000   -0.000000000000    0.000000000000    0.000000000000    0.000000000000    0.000000000000    0.000000000000   -0.000000000000   -0.000000000000   -0.000000000000   -0.000000000000   -0.000000000000   -0.000000000000   -0.421798496998   -0.000000000000    0.000000000000   -0.000000000000    0.000000000000   -0.367694284925    0.000000000000   -0.000000000000    0.000000000000    0.000000000000    0.000000000000    0.007761649923   -0.000000000000    0.000000000000    0.000000000000    0.000000000000    0.000000000000
   0.000000000000    0.000000000000   -0.000000000000   -0.000000000000    0.000000000000    0.000000000000   -0.000000000000    0.005294867559    0.000000000000    0.000000000000    0.008861323095   -0.000000000000    0.000000000000    0.003056507673   -0.000000000000   -0.000000000000   -0.425533568450    0.000000000000    0.000000000000    0.000000000000    0.000000000000   -0.373145528727   -0.000000000000   -0.000000000000   -0.000000000000    0.000000000000   -0.000000000000    0.010133499301   -0.000000000000   -0.000000000000   -0.000000000000   -0.000000000000
  -0.001457162264   -0.003961030388   -0.008824298313   -0.003213077852    0.007032144351    0.006663055603   -0.000000000000    0.000000000000    0.006410472901    0.000000000000   -0.000000000000    0.010271458349    0.000000000000   -0.000000000000    0.002944348970    0.000000000000    0.000000000000   -0.420911876094   -0.000000000000   -0.000000000000    0.000000000000    0.000000000000   -0.384435618252   -0.000000000000   -0.000000000000    0.000000000000    0.000000000000    0.000000000000    0.010927437755    0.000000000000   -0.000000000000    0.000000000000
   0.000000000000    0.000000000000    0.000000000000    0.000000000000   -0.000000000000   -0.000000000000    0.005294867559    0.000000000000    0.000000000000    0.008861323095   -0.000000000000    0.000000000000    0.003056507673   -0.000000000000   -0.000000000000   -0.000000000000    0.000000000000   -0.000000000000   -0.425533568450    0.000000000000   -0.000000000000    0.000000000000    0.000000000000   -0.373145528727   -0.000000000000    0.000000000000    0.000000000000   -0.000000000000   -0.000000000000    0.010133499301    0.000000000000   -0.000000000000
  -0.000000000000   -0.000000000000   -0.000000000000    0.000000000000    0.000000000000   -0.000000000000   -0.000000000000    0.000000000000   -0.000000000000    0.000000000000   -0.000000000000    0.000000000000    0.000000000000    0.000000000000    0.000000000000    0.000000000000    0.000000000000   -0.000000000000    0.000000000000   -0.421798496998   -0.000000000000    0.000000000000    0.000000000000   -0.000000000000   -0.367694284925    0.000000000000   -0.000000000000   -0.000000000000   -0.000000000000   -0.000000000000    0.007761649923   -0.000000000000
  -0.000000000000   -0.000000000000   -0.000000000000   -0.000000000000   -0.000000000000   -0.000000000000    0.000000000000   -0.000000000000    0.000000000000   -0.000000000000   -0.000000000000   -0.000000000000   -0.000000000000   -0.000000000000    0.000000000000   -0.367694284925    0.000000000000    0.000000000000   -0.000000000000   -0.000000000000    0.228490927993    0.000000000000   -0.000000000000    0.000000000000   -0.000000000000    0.000000000000    0.005016321762    0.000000000000   -0.000000000000    0.000000000000   -0.000000000000    0.000000000000
  -0.000000000000   -0.000000000000   -0.000000000000   -0.000000000000    0.000000000000    0.000000000000   -0.000000000000    0.001182409275    0.000000000000    0.000000000000    0.005057981138   -0.000000000000    0.000000000000    0.004662489205   -0.000000000000    0.000000000000   -0.373145528727    0.000000000000    0.000000000000    0.000000000000    0.000000000000    0.182610754346   -0.000000000000   -0.000000000000   -0.000000000000    0.000000000000   -0.000000000000    0.006347425418   -0.000000000000   -0.000000000000   -0.000000000000   -0.000000000000
   0.000217432853    0.000659418505    0.001372173048   -0.004738558887   -0.074585724931   -0.139138262127   -0.000000000000   -0.000000000000    0.001368220778    0.000000000000   -0.000000000000    0.003543337559    0.000000000000   -0.000000000000    0.000568852480   -0.000000000000   -0.000000000000   -0.384435618252    0.000000000000    0.000000000000   -0.000000000000   -0.000000000000    0.016920651421    0.000000000000    0.000000000000    0.000000000000   -0.000000000000   -0.000000000000    0.006692110262   -0.000000000000    0.000000000000   -0.000000000000
   0.000000000000    0.000000000000    0.000000000000   -0.000000000000    0.000000000000    0.000000000000    0.001182409275    0.000000000000    0.000000000000    0.005057981138   -0.000000000000   -0.000000000000    0.004662489205   -0.000000000000   -0.000000000000    0.000000000000   -0.000000000000   -0.000000000000   -0.373145528727   -0.000000000000    0.000000000000   -0.000000000000    0.000000000000    0.182610754346   -0.000000000000    0.000000000000    0.000000000000   -0.000000000000   -0.000000000000    0.006347425418    0.000000000000   -0.000000000000
  -0.000000000000   -0.000000000000    0.000000000000    0.000000000000    0.000000000000   -0.000000000000    0.000000000000   -0.000000000000   -0.000000000000    0.000000000000   -0.000000000000    0.000000000000    0.000000000000    0.000000000000    0.000000000000    0.000000000000   -0.000000000000   -0.000000000000   -0.000000000000   -0.367694284925   -0.000000000000   -0.000000000000    0.000000000000   -0.000000000000    0.228490927993    0.000000000000   -0.000000000000    0.000000000000    0.000000000000   -0.000000000000    0.005016321762   -0.000000000000
   0.000000000000    0.000000000000    0.000000000000    0.000000000000   -0.000000000000   -0.000000000000    0.000000000000   -0.000000000000   -0.000000000000    0.000000000000    0.000000000000    0.000000000000   -0.000000000000    0.000000000000   -0.000000000000    0.000000000000    0.000000000000    0.000000000000    0.000000000000    0.000000000000    0.000000000000    0.000000000000    0.000000000000    0.000000000000    0.000000000000    1.844820129717    0.000000000000   -0.000000000000   -0.000000000000   -0.000000000000   -0.000000000000    0.000000000000
   0.000000000000    0.000000000000    0.000000000000    0.000000000000   -0.000000000000   -0.000000000000   -0.000000000000   -0.000000000000    0.000000000000   -0.000000000000    0.000000000000    0.000000000000    0.000000000000    0.000000000000    0.000000000000    0.007761649923   -0.000000000000    0.000000000000    0.000000000000   -0.000000000000    0.005016321762   -0.000000000000   -0.000000000000    0.000000000000   -0.000000000000    0.000000000000    1.839117097149    0.000000000000   -0.000000000000   -0.000000000000    0.000000000000    0.000000000000
   0.000000000000    0.000000000000    0.000000000000   -0.000000000000   -0.000000000000   -0.000000000000    0.000000000000   -0.003656087794    0.000000000000    0.000000000000   -0.005051947459   -0.000000000000    0.000000000000   -0.002483567680   -0.000000000000   -0.000000000000    0.010133499301    0.000000000000   -0.000000000000   -0.000000000000    0.000000000000    0.006347425418   -0.000000000000   -0.000000000000    0.000000000000   -0.000000000000    0.000000000000    1.833930801004   -0.000000000000    0.000000000000    0.000000000000    0.000000000000
   0.000062430726    0.000172626932    0.000374248367   -0.000003361001   -0.001227905180   -0.001459676599   -0.000000000000   -0.000000000000   -0.003564024407   -0.000000000000   -0.000000000000   -0.011025495833    0.000000000000   -0.000000000000   -0.008670760960    0.000000000000   -0.000000000000    0.010927437755   -0.000000000000   -0.000000000000   -0.000000000000   -0.000000000000    0.006692110262   -0.000000000000    0.000000000000   -0.000000000000   -0.000000000000   -0.000000000000    1.830497639742    0.000000000000    0.000000000000   -0.000000000000
  -0.000000000000   -0.000000000000   -0.000000000000   -0.000000000000    0.000000000000   -0.000000000000   -0.003656087794   -0.000000000000   -0.000000000000   -0.005051947459    0.000000000000    0.000000000000   -0.002483567680    0.000000000000    0.000000000000    0.000000000000   -0.000000000000    0.000000000000    0.010133499301   -0.000000000000    0.000000000000   -0.000000000000   -0.000000000000    0.006347425418   -0.000000000000   -0.000000000000   -0.000000000000    0.000000000000    0.000000000000    1.833930801004    0.000000000000    0.000000000000
   0.000000000000    0.000000000000   -0.000000000000   -0.000000000000   -0.000000000000   -0.000000000000    0.000000000000    0.000000000000   -0.000000000000    0.000000000000    0.000000000000   -0.000000000000   -0.000000000000   -0.000000000000   -0.000000000000    0.000000000000   -0.000000000000   -0.000000000000    0.000000000000    0.007761649923   -0.000000000000   -0.000000000000    0.000000000000    0.000000000000    0.005016321762   -0.000000000000    0.000000000000    0.000000000000    0.000000000000    0.000000000000    1.839117097149    0.000000000000
  -0.000000000000   -0.000000000000   -0.000000000000   -0.000000000000    0.000000000000    0.000000000000    0.000000000000    0.000000000000    0.000000000000   -0.000000000000    0.000000000000    0.000000000000   -0.000000000000   -0.000000000000   -0.000000000000    0.000000000000   -0.000000000000    0.000000000000   -0.000000000000   -0.000000000000    0.000000000000   -0.000000000000   -0.000000000000   -0.000000000000   -0.000000000000    0.000000000000    0.000000000000    0.000000000000   -0.000000000000    0.000000000000    0.000000000000    1.844820129717
