 166.314064466978  133.308492061189   51.859894090212   28.918962263140    9.931310917851    4.551245831143    0.000000000000    0.000000000000    0.000119831014    0.000000000000    0.000000000000   -0.000432377338    0.000000000000    0.000000000000   -0.000884147281    0.000000000079    0.000000000000   -0.001455608940    0.000000000000   -0.000000000617    0.000000000030    0.000000000000    0.000217819817    0.000000000000   -0.000000000235    0.000000000000    0.000000000014   -0.000000000000   -0.000062141883   -0.000000000000   -0.000000000113    0.000000000000
 133.308492061189  111.033616595464   44.356621610648   24.436205099948    8.253562796644    3.766919679749    0.000000000000    0.000000000000    0.000165797342    0.000000000000    0.000000000000   -0.001152085719    0.000000000000    0.000000000000   -0.002430838607    0.000000000211    0.000000000000   -0.003956574417    0.000000000000   -0.000000001657    0.000000000081    0.000000000000    0.000660619159    0.000000000000   -0.000000000634    0.000000000000    0.000000000059   -0.000000000000   -0.000171761789   -0.000000000000   -0.000000000463    0.000000000000
  51.859894090212   44.356621610648   15.659935325405    6.927661945546    1.412972403219    0.500946756735    0.000000000000    0.000000000000   -0.002877485735    0.000000000000    0.000000000000   -0.004471676315    0.000000000000    0.000000000000   -0.004568666817    0.000000000417    0.000000000000   -0.008808793420    0.000000000000   -0.000000003270    0.000000000123    0.000000000000    0.001376454650   -0.000000000000   -0.000000000967    0.000000000000    0.000000000205   -0.000000000000   -0.000372264666   -0.000000000000   -0.000000001606    0.000000000000
  28.918962263140   24.436205099948    6.927661945546    1.959991182076   -0.470595944246   -0.446345243283    0.000000000000    0.000000000000   -0.006502238277    0.000000000000    0.000000000000   -0.005281830577    0.000000000000    0.000000000000    0.002938970867   -0.000000000033   -0.000000000000   -0.003196927450   -0.000000000000    0.000000000262   -0.000000000108   -0.000000000000   -0.004733528826   -0.000000000000    0.000000000846    0.000000000000    0.000000000085    0.000000000000    0.000002962218    0.000000000000   -0.000000000669    0.000000000000
   9.931310917851    8.253562796644    1.412972403219   -0.470595944246   -0.971968235757   -0.705868862585    0.000000000000    0.000000000000   -0.007752658001    0.000000000000    0.000000000000    0.000434840199    0.000000000000   -0.000000000000    0.023502144371   -0.000000001176   -0.000000000000    0.007037298193   -0.000000000000    0.000000009222   -0.000000000555   -0.000000000000   -0.074584600080    0.000000000000    0.000000004355   -0.000000000000   -0.000000000390    0.000000000000    0.001220354786    0.000000000000    0.000000003058   -0.000000000000
   4.551245831143    3.766919679749    0.500946756735   -0.446345243283   -0.705868862585   -0.552383319282    0.000000000000    0.000000000000   -0.005059097622    0.000000000000    0.000000000000    0.006143382525    0.000000000000   -0.000000000000    0.026605570272   -0.000000001255   -0.000000000000    0.006660770003   -0.000000000000    0.000000009842   -0.000000000554   -0.000000000000   -0.139162534875    0.000000000000    0.000000004346   -0.000000000000   -0.000000000488    0.000000000000    0.001451995041    0.000000000000    0.000000003826   -0.000000000000
   0.000000000000    0.000000000000    0.000000000000    0.000000000000    0.000000000000    0.000000000000   -2.717472077322    0.000000000125    0.000000000000   -2.053701865359   -0.000000000042   -0.000000000000   -0.456626721918   -0.000000000116   -0.000000000000    0.000000000000    0.000000000251   -0.000000000000   -0.005282409711    0.000000000000    0.000000000000   -0.000000000273   -0.000000000000   -0.001180226084    0.000000000000    0.000000000138    0.000000000000   -0.000000000136    0.000000000000   -0.003641636141   -0.000000000000   -0.000000001029
   0.000000000000    0.000000000000    0.000000000000    0.000000000000    0.000000000000    0.000000000000    0.000000000125   -2.717472075358   -0.000000000000   -0.000000000042   -2.053701866014   -0.000000000000   -0.000000000116   -0.456626723736   -0.000000000000    0.000000000000   -0.005282405775   -0.000000000000    0.000000000251   -0.000000000000    0.000000000000   -0.001180230365   -0.000000000000   -0.000000000273   -0.000000000000   -0.000000000925   -0.000000000000   -0.003641638278    0.000000000000   -0.000000000136   -0.000000000000   -0.000000000111
   0.000119831014    0.000165797342   -0.002877485735   -0.006502238277   -0.007752658001   -0.005059097622    0.000000000000   -0.000000000000   -2.723200564667    0.000000000000   -0.000000000000   -2.053671280051   -0.000000000000   -0.000000000000   -0.454712699818    0.000000000791    0.000000000000   -0.006391506323    0.000000000000   -0.000000006203    0.000000000095    0.000000000000   -0.001369187210    0.000000000000   -0.000000000744    0.000000000000   -0.000000000066   -0.000000000000   -0.003550406281   -0.000000000000    0.000000000518    0.000000000000
   0.000000000000    0.000000000000    0.000000000000    0.000000000000    0.000000000000    0.000000000000   -2.053701865359   -0.000000000042    0.000000000000   -1.101218606552   -0.000000000126   -0.000000000000   -0.322357168596   -0.000000000120    0.000000000000    0.000000000000   -0.000000000489   -0.000000000000   -0.008847004963    0.000000000000    0.000000000000   -0.000000000636   -0.000000000000   -0.005057181781    0.000000000000    0.000000000061   -0.000000000000   -0.000000000064    0.000000000000   -0.005030409395   -0.000000000000   -0.000000000454
   0.000000000000    0.000000000000    0.000000000000    0.000000000000    0.000000000000    0.000000000000   -0.000000000042   -2.053701866014   -0.000000000000   -0.000000000126   -1.101218608527   -0.000000000000   -0.000000000120   -0.322357170486    0.000000000000    0.000000000000   -0.008847012640   -0.000000000000   -0.000000000489   -0.000000000000    0.000000000000   -0.005057191754   -0.000000000000   -0.000000000636   -0.000000000000   -0.000000000415   -0.000000000000   -0.005030410405    0.000000000000   -0.000000000064    0.000000000000   -0.000000000050
  -0.000432377338   -0.001152085719   -0.004471676315   -0.005281830577    0.000434840199    0.006143382525   -0.000000000000   -0.000000000000   -2.053671280051   -0.000000000000   -0.000000000000   -1.120411747567    0.000000000000   -0.000000000000   -0.362296051982   -0.000000001936    0.000000000000   -0.010266947966    0.000000000000    0.000000015186   -0.000000001221    0.000000000000   -0.003554149966    0.000000000000    0.000000009577   -0.000000000000   -0.000000000026   -0.000000000000   -0.011004026784    0.000000000000    0.000000000207    0.000000000000
   0.000000000000    0.000000000000    0.000000000000    0.000000000000    0.000000000000    0.000000000000   -0.456626721918   -0.000000000116   -0.000000000000   -0.322357168596   -0.000000000120    0.000000000000   -0.018565874508    0.000000000096    0.000000000000    0.000000000000   -0.000000000720   -0.000000000000   -0.003056029590    0.000000000000    0.000000000000   -0.000000000518   -0.000000000000   -0.004674841775    0.000000000000   -0.000000000094   -0.000000000000    0.000000000049    0.000000000000   -0.002478025670    0.000000000000    0.000000000721
   0.000000000000    0.000000000000    0.000000000000    0.000000000000   -0.000000000000   -0.000000000000   -0.000000000116   -0.456626723736   -0.000000000000   -0.000000000120   -0.322357170486   -0.000000000000    0.000000000096   -0.018565873000    0.000000000000    0.000000000000   -0.003056040889   -0.000000000000   -0.000000000720   -0.000000000000    0.000000000000   -0.004674849907   -0.000000000000   -0.000000000518   -0.000000000000    0.000000000695   -0.000000000000   -0.002478024903    0.000000000000    0.000000000049    0.000000000000    0.000000000087
  -0.000884147281   -0.002430838607   -0.004568666817    0.002938970867    0.023502144371    0.026605570272   -0.000000000000   -0.000000000000   -0.454712699818    0.000000000000    0.000000000000   -0.362296051982    0.000000000000    0.000000000000   -0.370524499338   -0.000000002790    0.000000000000   -0.002968228261    0.000000000000    0.000000021884   -0.000000001588    0.000000000000   -0.000573814559    0.000000000000    0.000000012460    0.000000000000    0.000000000003   -0.000000000000   -0.008672780066   -0.000000000000   -0.000000000024    0.000000000000
   0.000000000079    0.000000000211    0.000000000417   -0.000000000033   -0.000000001176   -0.000000001255    0.000000000000    0.000000000000    0.000000000791    0.000000000000    0.000000000000   -0.000000001936    0.000000000000    0.000000000000   -0.000000002790   -0.423732880097    0.000000000000   -0.000000000648    0.000000000000    0.000000000044   -0.368478754273   -0.000000000000    0.000000000292   -0.000000000000   -0.000000000020    0.000000000000   -0.007745671445    0.000000000000   -0.000000000078    0.000000000000    0.000000000000   -0.000000000000
   0.000000000000    0.000000000000    0.000000000000   -0.000000000000   -0.000000000000   -0.000000000000    0.000000000251   -0.005282405775    0.000000000000   -0.000000000489   -0.008847012640    0.000000000000   -0.000000000720   -0.003056040889    0.000000000000    0.000000000000   -0.427455443504   -0.000000000000   -0.000000000137   -0.000000000000   -0.000000000000   -0.373915771402    0.000000000000    0.000000000101   -0.000000000000    0.000000000480    0.000000000000   -0.010113770465   -0.000000000000    0.000000000029   -0.000000000000    0.000000000061
  -0.001455608940   -0.003956574417   -0.008808793420   -0.003196927450    0.007037298193    0.006660770003   -0.000000000000   -0.000000000000   -0.006391506323   -0.000000000000   -0.000000000000   -0.010266947966   -0.000000000000   -0.000000000000   -0.002968228261   -0.000000000648   -0.000000000000   -0.422860175207   -0.000000000000    0.000000005082    0.000000000073   -0.000000000000   -0.385198806448    0.000000000000   -0.000000000573    0.000000000000   -0.000000000061    0.000000000000   -0.010908439297   -0.000000000000    0.000000000480   -0.000000000000
   0.000000000000    0.000000000000    0.000000000000   -0.000000000000   -0.000000000000   -0.000000000000   -0.005282409711    0.000000000251    0.000000000000   -0.008847004963   -0.000000000489    0.000000000000   -0.003056029590   -0.000000000720    0.000000000000    0.000000000000   -0.000000000137   -0.000000000000   -0.427455441348    0.000000000000    0.000000000000    0.000000000101    0.000000000000   -0.373915772989    0.000000000000   -0.000000000061    0.000000000000    0.000000000029   -0.000000000000   -0.010113770924    0.000000000000    0.000000000480
  -0.000000000617   -0.000000001657   -0.000000003270    0.000000000262    0.000000009222    0.000000009842    0.000000000000   -0.000000000000   -0.000000006203    0.000000000000   -0.000000000000    0.000000015186    0.000000000000   -0.000000000000    0.000000021884    0.000000000044   -0.000000000000    0.000000005082    0.000000000000   -0.423732880439   -0.000000000020    0.000000000000   -0.000000002289    0.000000000000   -0.368478754117    0.000000000000    0.000000000000    0.000000000000    0.000000000612   -0.000000000000   -0.007745671446    0.000000000000
   0.000000000030    0.000000000081    0.000000000123   -0.000000000108   -0.000000000555   -0.000000000554    0.000000000000    0.000000000000    0.000000000095    0.000000000000    0.000000000000   -0.000000001221    0.000000000000    0.000000000000   -0.000000001588   -0.368478754273   -0.000000000000    0.000000000073    0.000000000000   -0.000000000020    0.226870646943   -0.000000000000    0.000000000284   -0.000000000000   -0.000000000034    0.000000000000   -0.005008282190    0.000000000000    0.000000000044    0.000000000000   -0.000000000000   -0.000000000000
   0.000000000000    0.000000000000    0.000000000000   -0.000000000000   -0.000000000000   -0.000000000000   -0.000000000273   -0.001180230365    0.000000000000   -0.000000000636   -0.005057191754    0.000000000000   -0.000000000518   -0.004674849907    0.000000000000   -0.000000000000   -0.373915771402   -0.000000000000    0.000000000101    0.000000000000   -0.000000000000    0.181021072240    0.000000000000    0.000000000358    0.000000000000    0.000000002354    0.000000000000   -0.006339785163   -0.000000000000    0.000000000015   -0.000000000000    0.000000000300
   0.000217819817    0.000660619159    0.001376454650   -0.004733528826   -0.074584600080   -0.139162534875   -0.000000000000   -0.000000000000   -0.001369187210   -0.000000000000   -0.000000000000   -0.003554149966   -0.000000000000   -0.000000000000   -0.000573814559    0.000000000292    0.000000000000   -0.385198806448    0.000000000000   -0.000000002289    0.000000000284    0.000000000000    0.015317779075    0.000000000000   -0.000000002226    0.000000000000   -0.000000000242    0.000000000000   -0.006685750030    0.000000000000    0.000000001902    0.000000000000
   0.000000000000    0.000000000000   -0.000000000000   -0.000000000000    0.000000000000    0.000000000000   -0.001180226084   -0.000000000273    0.000000000000   -0.005057181781   -0.000000000636    0.000000000000   -0.004674841775   -0.000000000518    0.000000000000   -0.000000000000    0.000000000101    0.000000000000   -0.373915772989    0.000000000000   -0.000000000000    0.000000000358    0.000000000000    0.181021066623    0.000000000000   -0.000000000300    0.000000000000    0.000000000015   -0.000000000000   -0.006339785393    0.000000000000    0.000000002354
  -0.000000000235   -0.000000000634   -0.000000000967    0.000000000846    0.000000004355    0.000000004346    0.000000000000   -0.000000000000   -0.000000000744    0.000000000000   -0.000000000000    0.000000009577    0.000000000000   -0.000000000000    0.000000012460   -0.000000000020   -0.000000000000   -0.000000000573    0.000000000000   -0.368478754117   -0.000000000034    0.000000000000   -0.000000002226    0.000000000000    0.226870647205    0.000000000000   -0.000000000000    0.000000000000   -0.000000000341    0.000000000000   -0.005008282189    0.000000000000
   0.000000000000    0.000000000000    0.000000000000    0.000000000000   -0.000000000000   -0.000000000000    0.000000000138   -0.000000000925    0.000000000000    0.000000000061   -0.000000000415   -0.000000000000   -0.000000000094    0.000000000695    0.000000000000    0.000000000000    0.000000000480    0.000000000000   -0.000000000061    0.000000000000    0.000000000000    0.000000002354    0.000000000000   -0.000000000300    0.000000000000    1.842881532833    0.000000000000    0.000000000951    0.000000000000   -0.000000000122   -0.000000000000    0.000000000000
   0.000000000014    0.000000000059    0.000000000205    0.000000000085   -0.000000000390   -0.000000000488    0.000000000000   -0.000000000000   -0.000000000066   -0.000000000000   -0.000000000000   -0.000000000026   -0.000000000000   -0.000000000000    0.000000000003   -0.007745671445    0.000000000000   -0.000000000061    0.000000000000    0.000000000000   -0.005008282190    0.000000000000   -0.000000000242    0.000000000000   -0.000000000000    0.000000000000    1.837198442067    0.000000000000   -0.000000000204   -0.000000000000    0.000000000001    0.000000000000
  -0.000000000000   -0.000000000000   -0.000000000000    0.000000000000    0.000000000000    0.000000000000   -0.000000000136   -0.003641638278   -0.000000000000   -0.000000000064   -0.005030410405   -0.000000000000    0.000000000049   -0.002478024903   -0.000000000000    0.000000000000   -0.010113770465    0.000000000000    0.000000000029    0.000000000000    0.000000000000   -0.006339785163    0.000000000000    0.000000000015    0.000000000000    0.000000000951    0.000000000000    1.832025265219    0.000000000000    0.000000000152    0.000000000000    0.000000000121
  -0.000062141883   -0.000171761789   -0.000372264666    0.000002962218    0.001220354786    0.001451995041    0.000000000000    0.000000000000   -0.003550406281    0.000000000000    0.000000000000   -0.011004026784    0.000000000000    0.000000000000   -0.008672780066   -0.000000000078   -0.000000000000   -0.010908439297   -0.000000000000    0.000000000612    0.000000000044   -0.000000000000   -0.006685750030   -0.000000000000   -0.000000000341    0.000000000000   -0.000000000204    0.000000000000    1.828596429209    0.000000000000    0.000000001597   -0.000000000000
  -0.000000000000   -0.000000000000   -0.000000000000    0.000000000000    0.000000000000    0.000000000000   -0.003641636141   -0.000000000136   -0.000000000000   -0.005030409395   -0.000000000064    0.000000000000   -0.002478025670    0.000000000049   -0.000000000000    0.000000000000    0.000000000029   -0.000000000000   -0.010113770924   -0.000000000000    0.000000000000    0.000000000015    0.000000000000   -0.006339785393    0.000000000000   -0.000000000122   -0.000000000000    0.000000000152    0.000000000000    1.832025262841    0.000000000000    0.000000000956
  -0.000000000113   -0.000000000463   -0.000000001606   -0.000000000669    0.000000003058    0.000000003826   -0.000000000000   -0.000000000000    0.000000000518   -0.000000000000    0.000000000000    0.000000000207    0.000000000000    0.000000000000   -0.000000000024    0.000000000000   -0.000000000000    0.000000000480    0.000000000000   -0.007745671446   -0.000000000000   -0.000000000000    0.000000001902    0.000000000000   -0.005008282189   -0.000000000000    0.000000000001    0.000000000000    0.000000001597    0.000000000000    1.837198442059    0.000000000000
   0.000000000000    0.000000000000    0.000000000000    0.000000000000   -0.000000000000   -0.000000000000   -0.000000001029   -0.000000000111    0.000000000000   -0.000000000454   -0.000000000050    0.000000000000    0.000000000721    0.000000000087    0.000000000000   -0.000000000000    0.000000000061   -0.000000000000    0.000000000480    0.000000000000   -0.000000000000    0.000000000300    0.000000000000    0.000000002354    0.000000000000    0.000000000000    0.000000000000    0.000000000121   -0.000000000000    0.000000000956    0.000000000000    1.842881532833
