 166.318197224671  133.312359732492   51.861879234462   28.920145559065    9.931742741181    4.551449058869    0.000000000000   -0.000000000000    0.000123436660    0.000000000000   -0.000000000000   -0.000440965987    0.000000000000    0.000000000000   -0.000901047496    0.000000000000    0.000000000000   -0.001462624487   -0.000000000000    0.000000000000    0.000000000000    0.000000000000    0.000213670060   -0.000000000000    0.000000000000    0.000000000000    0.000000000000   -0.000000000000   -0.000063677108    0.000000000000   -0.000000000000   -0.000000000000
 133.312359732492  111.037743325430   44.359377358323   24.437965583803    8.254244865350    3.767248103792    0.000000000000   -0.000000000000    0.000171988850    0.000000000000   -0.000000000000   -0.001176310915    0.000000000000    0.000000000000   -0.002477437993   -0.000000000000    0.000000000000   -0.003974622063   -0.000000000000    0.000000000000   -0.000000000000    0.000000000000    0.000649978741   -0.000000000000    0.000000000000    0.000000000000    0.000000000000   -0.000000000000   -0.000176402722    0.000000000000    0.000000000000    0.000000000000
  51.861879234462   44.359377358323   15.664056481646    6.931344075979    1.414879967089    0.501922814431    0.000000000000   -0.000000000000   -0.002926553602    0.000000000000   -0.000000000000   -0.004559382066    0.000000000000    0.000000000000   -0.004653397893   -0.000000000000    0.000000000000   -0.008817941960   -0.000000000000    0.000000000000   -0.000000000000    0.000000000000    0.001369527014   -0.000000000000   -0.000000000000    0.000000000000    0.000000000000   -0.000000000000   -0.000383239858    0.000000000000    0.000000000000    0.000000000000
  28.920145559065   24.437965583803    6.931344075979    1.964158984506   -0.467700997926   -0.444748101717    0.000000000000   -0.000000000000   -0.006615482394    0.000000000000   -0.000000000000   -0.005357968825    0.000000000000   -0.000000000000    0.003005809046   -0.000000000000    0.000000000000   -0.003129775709   -0.000000000000    0.000000000000   -0.000000000000    0.000000000000   -0.004686770749    0.000000000000   -0.000000000000    0.000000000000    0.000000000000    0.000000000000    0.000004687264    0.000000000000   -0.000000000000   -0.000000000000
   9.931742741181    8.254244865350    1.414879967089   -0.467700997926   -0.968034936619   -0.702770674869    0.000000000000   -0.000000000000   -0.007872794004    0.000000000000   -0.000000000000    0.000547828873    0.000000000000   -0.000000000000    0.023995973638   -0.000000000000   -0.000000000000    0.007206376515    0.000000000000   -0.000000000000   -0.000000000000   -0.000000000000   -0.074354003992    0.000000000000   -0.000000000000   -0.000000000000   -0.000000000000    0.000000000000    0.001262752017   -0.000000000000   -0.000000000000    0.000000000000
   4.551449058869    3.767248103792    0.501922814431   -0.444748101717   -0.702770674869   -0.548867500334    0.000000000000   -0.000000000000   -0.005127295080    0.000000000000   -0.000000000000    0.006347628422    0.000000000000   -0.000000000000    0.027128030631   -0.000000000000   -0.000000000000    0.006786176248    0.000000000000   -0.000000000000   -0.000000000000    0.000000000000   -0.138918559368   -0.000000000000   -0.000000000000   -0.000000000000   -0.000000000000    0.000000000000    0.001498946486   -0.000000000000   -0.000000000000    0.000000000000
   0.000000000000    0.000000000000    0.000000000000    0.000000000000    0.000000000000    0.000000000000   -2.713306201777    0.000000000000   -0.000000000000   -2.050868384092    0.000000000000   -0.000000000000   -0.456091772946   -0.000000000000   -0.000000000000    0.000000000000    0.000000000000   -0.000000000000   -0.005376882761    0.000000000000   -0.000000000000   -0.000000000000   -0.000000000000   -0.001200634366    0.000000000000   -0.000000000000    0.000000000000    0.000000000000    0.000000000000   -0.003608039760   -0.000000000000    0.000000000000
  -0.000000000000   -0.000000000000   -0.000000000000   -0.000000000000   -0.000000000000   -0.000000000000    0.000000000000   -2.713306201777    0.000000000000    0.000000000000   -2.050868384092    0.000000000000   -0.000000000000   -0.456091772946    0.000000000000    0.000000000000   -0.005376882761    0.000000000000   -0.000000000000    0.000000000000    0.000000000000   -0.001200634366    0.000000000000    0.000000000000   -0.000000000000   -0.000000000000    0.000000000000   -0.003608039760    0.000000000000    0.000000000000   -0.000000000000    0.000000000000
   0.000123436660    0.000171988850   -0.002926553602   -0.006615482394   -0.007872794004   -0.005127295080   -0.000000000000    0.000000000000   -2.718997398883    0.000000000000   -0.000000000000   -2.050739666125    0.000000000000   -0.000000000000   -0.454113088007    0.000000000000   -0.000000000000   -0.006528320170    0.000000000000    0.000000000000   -0.000000000000   -0.000000000000   -0.001375578065    0.000000000000   -0.000000000000   -0.000000000000    0.000000000000    0.000000000000   -0.003489035203    0.000000000000   -0.000000000000   -0.000000000000
   0.000000000000    0.000000000000    0.000000000000    0.000000000000    0.000000000000    0.000000000000   -2.050868384092    0.000000000000    0.000000000000   -1.097112244513    0.000000000000    0.000000000000   -0.320748240013   -0.000000000000   -0.000000000000   -0.000000000000   -0.000000000000   -0.000000000000   -0.008974890169    0.000000000000   -0.000000000000   -0.000000000000   -0.000000000000   -0.005102008412    0.000000000000   -0.000000000000    0.000000000000    0.000000000000    0.000000000000   -0.004947411156   -0.000000000000    0.000000000000
  -0.000000000000   -0.000000000000   -0.000000000000   -0.000000000000   -0.000000000000   -0.000000000000    0.000000000000   -2.050868384092   -0.000000000000    0.000000000000   -1.097112244513   -0.000000000000    0.000000000000   -0.320748240013    0.000000000000    0.000000000000   -0.008974890169   -0.000000000000   -0.000000000000    0.000000000000    0.000000000000   -0.005102008412    0.000000000000   -0.000000000000    0.000000000000   -0.000000000000   -0.000000000000   -0.004947411156    0.000000000000    0.000000000000   -0.000000000000    0.000000000000
  -0.000440965987   -0.001176310915   -0.004559382066   -0.005357968825    0.000547828873    0.006347628422   -0.000000000000    0.000000000000   -2.050739666125    0.000000000000   -0.000000000000   -1.116163716675    0.000000000000   -0.000000000000   -0.360787224554   -0.000000000000    0.000000000000   -0.010341134378   -0.000000000000   -0.000000000000   -0.000000000000    0.000000000000   -0.003509394108   -0.000000000000   -0.000000000000   -0.000000000000    0.000000000000    0.000000000000   -0.010898576538    0.000000000000   -0.000000000000   -0.000000000000
   0.000000000000    0.000000000000    0.000000000000    0.000000000000    0.000000000000    0.000000000000   -0.456091772946   -0.000000000000    0.000000000000   -0.320748240013    0.000000000000    0.000000000000   -0.015165609501    0.000000000000   -0.000000000000   -0.000000000000   -0.000000000000   -0.000000000000   -0.003072581409    0.000000000000   -0.000000000000   -0.000000000000   -0.000000000000   -0.004655739442    0.000000000000   -0.000000000000    0.000000000000    0.000000000000    0.000000000000   -0.002445639779    0.000000000000   -0.000000000000
   0.000000000000    0.000000000000    0.000000000000   -0.000000000000   -0.000000000000   -0.000000000000   -0.000000000000   -0.456091772946   -0.000000000000   -0.000000000000   -0.320748240013   -0.000000000000    0.000000000000   -0.015165609501    0.000000000000   -0.000000000000   -0.003072581409   -0.000000000000   -0.000000000000    0.000000000000    0.000000000000   -0.004655739442   -0.000000000000   -0.000000000000    0.000000000000    0.000000000000   -0.000000000000   -0.002445639779    0.000000000000    0.000000000000   -0.000000000000    0.000000000000
  -0.000901047496   -0.002477437993   -0.004653397893    0.003005809046    0.023995973638    0.027128030631   -0.000000000000    0.000000000000   -0.454113088007   -0.000000000000    0.000000000000   -0.360787224554   -0.000000000000    0.000000000000   -0.367465820126   -0.000000000000    0.000000000000   -0.002833773456   -0.000000000000   -0.000000000000   -0.000000000000    0.000000000000   -0.000472573072   -0.000000000000   -0.000000000000    0.000000000000   -0.000000000000   -0.000000000000   -0.008663435024   -0.000000000000    0.000000000000    0.000000000000
   0.000000000000   -0.000000000000   -0.000000000000   -0.000000000000   -0.000000000000   -0.000000000000    0.000000000000    0.000000000000    0.000000000000   -0.000000000000    0.000000000000   -0.000000000000   -0.000000000000   -0.000000000000   -0.000000000000   -0.419547031844    0.000000000000    0.000000000000   -0.000000000000    0.000000000000   -0.366705048527   -0.000000000000   -0.000000000000    0.000000000000    0.000000000000    0.000000000000   -0.007876873511    0.000000000000   -0.000000000000   -0.000000000000   -0.000000000000    0.000000000000
   0.000000000000    0.000000000000    0.000000000000    0.000000000000   -0.000000000000   -0.000000000000    0.000000000000   -0.005376882761   -0.000000000000   -0.000000000000   -0.008974890169    0.000000000000   -0.000000000000   -0.003072581409    0.000000000000    0.000000000000   -0.423223051295   -0.000000000000    0.000000000000    0.000000000000    0.000000000000   -0.372067686133    0.000000000000    0.000000000000   -0.000000000000   -0.000000000000    0.000000000000   -0.010276940609   -0.000000000000    0.000000000000    0.000000000000   -0.000000000000
  -0.001462624487   -0.003974622063   -0.008817941960   -0.003129775709    0.007206376515    0.006786176248   -0.000000000000    0.000000000000   -0.006528320170   -0.000000000000   -0.000000000000   -0.010341134378   -0.000000000000   -0.000000000000   -0.002833773456    0.000000000000   -0.000000000000   -0.418532981866    0.000000000000   -0.000000000000    0.000000000000   -0.000000000000   -0.383350713468    0.000000000000    0.000000000000   -0.000000000000    0.000000000000   -0.000000000000   -0.011070336335    0.000000000000    0.000000000000   -0.000000000000
  -0.000000000000   -0.000000000000   -0.000000000000   -0.000000000000    0.000000000000    0.000000000000   -0.005376882761   -0.000000000000    0.000000000000   -0.008974890169   -0.000000000000   -0.000000000000   -0.003072581409   -0.000000000000   -0.000000000000   -0.000000000000    0.000000000000    0.000000000000   -0.423223051295   -0.000000000000   -0.000000000000   -0.000000000000   -0.000000000000   -0.372067686133    0.000000000000   -0.000000000000   -0.000000000000    0.000000000000   -0.000000000000   -0.010276940609    0.000000000000    0.000000000000
   0.000000000000    0.000000000000    0.000000000000    0.000000000000   -0.000000000000   -0.000000000000    0.000000000000    0.000000000000    0.000000000000    0.000000000000    0.000000000000   -0.000000000000    0.000000000000    0.000000000000   -0.000000000000    0.000000000000    0.000000000000   -0.000000000000   -0.000000000000   -0.419547031844   -0.000000000000    0.000000000000   -0.000000000000    0.000000000000   -0.366705048527   -0.000000000000   -0.000000000000   -0.000000000000    0.000000000000   -0.000000000000   -0.007876873511    0.000000000000
   0.000000000000   -0.000000000000   -0.000000000000   -0.000000000000   -0.000000000000   -0.000000000000   -0.000000000000    0.000000000000   -0.000000000000   -0.000000000000    0.000000000000   -0.000000000000   -0.000000000000    0.000000000000   -0.000000000000   -0.366705048527    0.000000000000    0.000000000000   -0.000000000000   -0.000000000000    0.230702130635   -0.000000000000    0.000000000000    0.000000000000   -0.000000000000    0.000000000000   -0.005082615626    0.000000000000    0.000000000000   -0.000000000000   -0.000000000000    0.000000000000
   0.000000000000    0.000000000000    0.000000000000    0.000000000000   -0.000000000000    0.000000000000   -0.000000000000   -0.001200634366   -0.000000000000   -0.000000000000   -0.005102008412    0.000000000000   -0.000000000000   -0.004655739442    0.000000000000   -0.000000000000   -0.372067686133   -0.000000000000   -0.000000000000    0.000000000000   -0.000000000000    0.185100365499    0.000000000000   -0.000000000000   -0.000000000000   -0.000000000000    0.000000000000   -0.006417878777   -0.000000000000    0.000000000000   -0.000000000000    0.000000000000
   0.000213670060    0.000649978741    0.001369527014   -0.004686770749   -0.074354003992   -0.138918559368   -0.000000000000    0.000000000000   -0.001375578065   -0.000000000000    0.000000000000   -0.003509394108   -0.000000000000   -0.000000000000   -0.000472573072   -0.000000000000    0.000000000000   -0.383350713468   -0.000000000000   -0.000000000000    0.000000000000    0.000000000000    0.019424372824   -0.000000000000    0.000000000000   -0.000000000000    0.000000000000    0.000000000000   -0.006755386851   -0.000000000000   -0.000000000000   -0.000000000000
  -0.000000000000   -0.000000000000   -0.000000000000    0.000000000000    0.000000000000   -0.000000000000   -0.001200634366    0.000000000000    0.000000000000   -0.005102008412   -0.000000000000   -0.000000000000   -0.004655739442   -0.000000000000   -0.000000000000    0.000000000000    0.000000000000    0.000000000000   -0.372067686133    0.000000000000    0.000000000000   -0.000000000000   -0.000000000000    0.185100365499    0.000000000000   -0.000000000000   -0.000000000000   -0.000000000000   -0.000000000000   -0.006417878777    0.000000000000    0.000000000000
   0.000000000000    0.000000000000   -0.000000000000   -0.000000000000   -0.000000000000   -0.000000000000    0.000000000000   -0.000000000000   -0.000000000000    0.000000000000    0.000000000000   -0.000000000000    0.000000000000    0.000000000000   -0.000000000000    0.000000000000   -0.000000000000    0.000000000000    0.000000000000   -0.366705048527   -0.000000000000   -0.000000000000    0.000000000000    0.000000000000    0.230702130635   -0.000000000000   -0.000000000000    0.000000000000    0.000000000000   -0.000000000000   -0.005082615626    0.000000000000
   0.000000000000    0.000000000000    0.000000000000    0.000000000000   -0.000000000000   -0.000000000000   -0.000000000000   -0.000000000000   -0.000000000000   -0.000000000000   -0.000000000000   -0.000000000000   -0.000000000000    0.000000000000    0.000000000000    0.000000000000   -0.000000000000   -0.000000000000   -0.000000000000   -0.000000000000    0.000000000000   -0.000000000000   -0.000000000000   -0.000000000000   -0.000000000000    1.847037027965   -0.000000000000   -0.000000000000    0.000000000000    0.000000000000    0.000000000000   -0.000000000000
   0.000000000000    0.000000000000    0.000000000000    0.000000000000   -0.000000000000   -0.000000000000    0.000000000000    0.000000000000    0.000000000000    0.000000000000   -0.000000000000    0.000000000000    0.000000000000   -0.000000000000   -0.000000000000   -0.007876873511    0.000000000000    0.000000000000   -0.000000000000   -0.000000000000   -0.005082615626    0.000000000000    0.000000000000   -0.000000000000   -0.000000000000   -0.000000000000    1.841423450353   -0.000000000000    0.000000000000    0.000000000000    0.000000000000   -0.000000000000
  -0.000000000000   -0.000000000000   -0.000000000000    0.000000000000    0.000000000000    0.000000000000    0.000000000000   -0.003608039760    0.000000000000    0.000000000000   -0.004947411156    0.000000000000    0.000000000000   -0.002445639779   -0.000000000000    0.000000000000   -0.010276940609   -0.000000000000    0.000000000000   -0.000000000000    0.000000000000   -0.006417878777    0.000000000000   -0.000000000000    0.000000000000   -0.000000000000   -0.000000000000    1.836299258026    0.000000000000   -0.000000000000   -0.000000000000   -0.000000000000
  -0.000063677108   -0.000176402722   -0.000383239858    0.000004687264    0.001262752017    0.001498946486    0.000000000000    0.000000000000   -0.003489035203    0.000000000000    0.000000000000   -0.010898576538    0.000000000000    0.000000000000   -0.008663435024   -0.000000000000   -0.000000000000   -0.011070336335   -0.000000000000    0.000000000000    0.000000000000   -0.000000000000   -0.006755386851   -0.000000000000    0.000000000000    0.000000000000    0.000000000000    0.000000000000    1.832885821535   -0.000000000000   -0.000000000000    0.000000000000
   0.000000000000    0.000000000000    0.000000000000    0.000000000000   -0.000000000000   -0.000000000000   -0.003608039760    0.000000000000    0.000000000000   -0.004947411156    0.000000000000    0.000000000000   -0.002445639779    0.000000000000   -0.000000000000   -0.000000000000    0.000000000000    0.000000000000   -0.010276940609   -0.000000000000   -0.000000000000    0.000000000000   -0.000000000000   -0.006417878777   -0.000000000000    0.000000000000    0.000000000000   -0.000000000000   -0.000000000000    1.836299258026   -0.000000000000    0.000000000000
  -0.000000000000    0.000000000000    0.000000000000   -0.000000000000   -0.000000000000   -0.000000000000   -0.000000000000   -0.000000000000   -0.000000000000   -0.000000000000   -0.000000000000   -0.000000000000    0.000000000000   -0.000000000000    0.000000000000   -0.000000000000    0.000000000000    0.000000000000    0.000000000000   -0.007876873511   -0.000000000000   -0.000000000000   -0.000000000000    0.000000000000   -0.005082615626    0.000000000000    0.000000000000   -0.000000000000   -0.000000000000   -0.000000000000    1.841423450353   -0.000000000000
  -0.000000000000    0.000000000000    0.000000000000   -0.000000000000    0.000000000000    0.000000000000    0.000000000000    0.000000000000   -0.000000000000    0.000000000000    0.000000000000   -0.000000000000   -0.000000000000    0.000000000000    0.000000000000    0.000000000000   -0.000000000000   -0.000000000000    0.000000000000    0.000000000000    0.000000000000    0.000000000000   -0.000000000000    0.000000000000    0.000000000000   -0.000000000000   -0.000000000000   -0.000000000000    0.000000000000    0.000000000000   -0.000000000000    1.847037027965
