 166.331695970992  133.325031031785   51.868461365380   28.924028079522    9.932975221978    4.551911100765    0.000000000000    0.000000000000    0.000235731526    0.000000000000    0.000000000000   -0.000703536460   -0.000000000000   -0.000000000000   -0.001426918824    0.000000000000    0.000000000000   -0.001480689778   -0.000000000000   -0.000000000000    0.000000000000    0.000000000000    0.000031167940   -0.000000000000   -0.000000000000   -0.000000000000   -0.000000000000    0.000000000000   -0.000127124264   -0.000000000000   -0.000000000000    0.000000000000
 133.325031031785  111.051357015190   44.368657102556   24.443764958198    8.255974745929    3.767756734236    0.000000000000    0.000000000000    0.000369481371    0.000000000000    0.000000000000   -0.001933127219   -0.000000000000   -0.000000000000   -0.003946542799    0.000000000000    0.000000000000   -0.004003243322   -0.000000000000   -0.000000000000    0.000000000000    0.000000000000    0.000137872634   -0.000000000000   -0.000000000000   -0.000000000000   -0.000000000000    0.000000000000   -0.000371575447   -0.000000000000   -0.000000000000    0.000000000000
  51.868461365380   44.368657102556   15.678026890607    6.943375273052    1.420101041378    0.504022778335    0.000000000000    0.000000000000   -0.003960691280    0.000000000000    0.000000000000   -0.006905820918   -0.000000000000    0.000000000000   -0.007379700981    0.000000000000    0.000000000000   -0.008223125414   -0.000000000000   -0.000000000000    0.000000000000    0.000000000000    0.000556737152   -0.000000000000   -0.000000000000   -0.000000000000   -0.000000000000    0.000000000000   -0.000691299156   -0.000000000000    0.000000000000    0.000000000000
  28.924028079522   24.443764958198    6.943375273052    1.977822512731   -0.457258403796   -0.438279423971    0.000000000000    0.000000000000   -0.009023767464    0.000000000000    0.000000000000   -0.005905273727    0.000000000000    0.000000000000    0.005919878819   -0.000000000000    0.000000000000   -0.001060664787    0.000000000000    0.000000000000   -0.000000000000   -0.000000000000   -0.002290347001    0.000000000000    0.000000000000   -0.000000000000   -0.000000000000    0.000000000000    0.000874955069    0.000000000000    0.000000000000    0.000000000000
   9.932975221978    8.255974745929    1.420101041378   -0.457258403796   -0.941572071276   -0.670903421371    0.000000000000    0.000000000000   -0.010509034221    0.000000000000    0.000000000000    0.012624652267    0.000000000000    0.000000000000    0.069614501950   -0.000000000000   -0.000000000000    0.012857405221    0.000000000000    0.000000000000   -0.000000000000   -0.000000000000   -0.039033312537    0.000000000000    0.000000000000   -0.000000000000    0.000000000000   -0.000000000000    0.005825901566    0.000000000000    0.000000000000   -0.000000000000
   4.551911100765    3.767756734236    0.504022778335   -0.438279423971   -0.670903421371   -0.489114561815    0.000000000000    0.000000000000   -0.006843652785    0.000000000000    0.000000000000    0.023661457818    0.000000000000    0.000000000000    0.131305829856    0.000000000000   -0.000000000000    0.012096261026    0.000000000000    0.000000000000    0.000000000000   -0.000000000000   -0.073025344718    0.000000000000    0.000000000000    0.000000000000    0.000000000000   -0.000000000000    0.006080281547    0.000000000000   -0.000000000000   -0.000000000000
   0.000000000000    0.000000000000    0.000000000000    0.000000000000    0.000000000000    0.000000000000   -2.700378922092   -0.000000000000   -0.000000000000   -2.042368191670    0.000000000000   -0.000000000000   -0.454524582351    0.000000000000   -0.000000000000    0.000000000000   -0.000000000000   -0.000000000000   -0.007424370469    0.000000000000    0.000000000000    0.000000000000    0.000000000000   -0.001699915983   -0.000000000000    0.000000000000   -0.000000000000   -0.000000000000    0.000000000000   -0.002393855004   -0.000000000000   -0.000000000000
   0.000000000000    0.000000000000    0.000000000000    0.000000000000    0.000000000000    0.000000000000   -0.000000000000   -2.700378922092    0.000000000000   -0.000000000000   -2.042368191670   -0.000000000000   -0.000000000000   -0.454524582351   -0.000000000000    0.000000000000   -0.007424370469   -0.000000000000   -0.000000000000   -0.000000000000   -0.000000000000   -0.001699915983   -0.000000000000    0.000000000000   -0.000000000000   -0.000000000000   -0.000000000000   -0.002393855004    0.000000000000    0.000000000000   -0.000000000000   -0.000000000000
   0.000235731526    0.000369481371   -0.003960691280   -0.009023767464   -0.010509034221   -0.006843652785   -0.000000000000    0.000000000000   -2.704524653929    0.000000000000    0.000000000000   -2.040451324566    0.000000000000   -0.000000000000   -0.452150625557   -0.000000000000    0.000000000000   -0.009242486799   -0.000000000000   -0.000000000000    0.000000000000    0.000000000000   -0.001094094303   -0.000000000000   -0.000000000000   -0.000000000000   -0.000000000000    0.000000000000   -0.002027587221   -0.000000000000   -0.000000000000    0.000000000000
   0.000000000000    0.000000000000    0.000000000000    0.000000000000    0.000000000000    0.000000000000   -2.042368191670   -0.000000000000    0.000000000000   -1.084572725313   -0.000000000000    0.000000000000   -0.314739048218   -0.000000000000   -0.000000000000    0.000000000000    0.000000000000    0.000000000000   -0.011591403733    0.000000000000    0.000000000000    0.000000000000    0.000000000000   -0.003431277173    0.000000000000    0.000000000000   -0.000000000000   -0.000000000000    0.000000000000   -0.002283371355   -0.000000000000   -0.000000000000
   0.000000000000    0.000000000000    0.000000000000    0.000000000000    0.000000000000    0.000000000000    0.000000000000   -2.042368191670    0.000000000000   -0.000000000000   -1.084572725313   -0.000000000000   -0.000000000000   -0.314739048218   -0.000000000000    0.000000000000   -0.011591403733   -0.000000000000    0.000000000000   -0.000000000000    0.000000000000   -0.003431277173   -0.000000000000    0.000000000000   -0.000000000000    0.000000000000   -0.000000000000   -0.002283371355    0.000000000000   -0.000000000000   -0.000000000000   -0.000000000000
  -0.000703536460   -0.001933127219   -0.006905820918   -0.005905273727    0.012624652267    0.023661457818   -0.000000000000   -0.000000000000   -2.040451324566    0.000000000000   -0.000000000000   -1.092267737995    0.000000000000   -0.000000000000   -0.337104457763    0.000000000000   -0.000000000000   -0.007092878670    0.000000000000    0.000000000000    0.000000000000   -0.000000000000    0.018418316347    0.000000000000   -0.000000000000   -0.000000000000   -0.000000000000    0.000000000000   -0.005037665299   -0.000000000000   -0.000000000000    0.000000000000
  -0.000000000000   -0.000000000000   -0.000000000000    0.000000000000    0.000000000000    0.000000000000   -0.454524582351   -0.000000000000    0.000000000000   -0.314739048218   -0.000000000000    0.000000000000    0.000971219292   -0.000000000000   -0.000000000000    0.000000000000    0.000000000000    0.000000000000   -0.003316574687   -0.000000000000    0.000000000000    0.000000000000    0.000000000000    0.007102378575    0.000000000000    0.000000000000    0.000000000000   -0.000000000000    0.000000000000   -0.000772502729   -0.000000000000   -0.000000000000
  -0.000000000000   -0.000000000000    0.000000000000    0.000000000000    0.000000000000    0.000000000000    0.000000000000   -0.454524582351   -0.000000000000   -0.000000000000   -0.314739048218   -0.000000000000   -0.000000000000    0.000971219292   -0.000000000000    0.000000000000   -0.003316574687   -0.000000000000    0.000000000000   -0.000000000000    0.000000000000    0.007102378575   -0.000000000000    0.000000000000   -0.000000000000    0.000000000000   -0.000000000000   -0.000772502729   -0.000000000000   -0.000000000000    0.000000000000   -0.000000000000
  -0.001426918824   -0.003946542799   -0.007379700981    0.005919878819    0.069614501950    0.131305829856   -0.000000000000   -0.000000000000   -0.452150625557   -0.000000000000   -0.000000000000   -0.337104457763   -0.000000000000   -0.000000000000   -0.181907827389    0.000000000000   -0.000000000000    0.006156898178    0.000000000000    0.000000000000    0.000000000000   -0.000000000000    0.112252193624    0.000000000000    0.000000000000   -0.000000000000   -0.000000000000   -0.000000000000   -0.004065188313   -0.000000000000   -0.000000000000    0.000000000000
   0.000000000000    0.000000000000    0.000000000000   -0.000000000000   -0.000000000000    0.000000000000    0.000000000000    0.000000000000   -0.000000000000    0.000000000000    0.000000000000    0.000000000000    0.000000000000    0.000000000000    0.000000000000   -0.407106850160   -0.000000000000   -0.000000000000   -0.000000000000    0.000000000000   -0.362064763104   -0.000000000000    0.000000000000   -0.000000000000   -0.000000000000    0.000000000000   -0.010856701013    0.000000000000   -0.000000000000   -0.000000000000   -0.000000000000   -0.000000000000
   0.000000000000    0.000000000000    0.000000000000    0.000000000000   -0.000000000000   -0.000000000000   -0.000000000000   -0.007424370469    0.000000000000    0.000000000000   -0.011591403733   -0.000000000000    0.000000000000   -0.003316574687   -0.000000000000   -0.000000000000   -0.409351204475    0.000000000000    0.000000000000   -0.000000000000    0.000000000000   -0.364893607995   -0.000000000000   -0.000000000000    0.000000000000   -0.000000000000    0.000000000000   -0.012760835024   -0.000000000000   -0.000000000000   -0.000000000000   -0.000000000000
  -0.001480689778   -0.004003243322   -0.008223125414   -0.001060664787    0.012857405221    0.012096261026   -0.000000000000   -0.000000000000   -0.009242486799    0.000000000000   -0.000000000000   -0.007092878670    0.000000000000   -0.000000000000    0.006156898178   -0.000000000000    0.000000000000   -0.404977944739    0.000000000000    0.000000000000   -0.000000000000   -0.000000000000   -0.370461364237    0.000000000000    0.000000000000    0.000000000000   -0.000000000000    0.000000000000   -0.011509056678   -0.000000000000   -0.000000000000    0.000000000000
  -0.000000000000   -0.000000000000   -0.000000000000    0.000000000000    0.000000000000    0.000000000000   -0.007424370469   -0.000000000000   -0.000000000000   -0.011591403733    0.000000000000    0.000000000000   -0.003316574687    0.000000000000    0.000000000000   -0.000000000000    0.000000000000    0.000000000000   -0.409351204475   -0.000000000000    0.000000000000   -0.000000000000   -0.000000000000   -0.364893607995    0.000000000000   -0.000000000000    0.000000000000   -0.000000000000   -0.000000000000   -0.012760835024    0.000000000000   -0.000000000000
  -0.000000000000   -0.000000000000   -0.000000000000    0.000000000000    0.000000000000    0.000000000000    0.000000000000   -0.000000000000   -0.000000000000    0.000000000000   -0.000000000000    0.000000000000   -0.000000000000   -0.000000000000    0.000000000000    0.000000000000   -0.000000000000    0.000000000000   -0.000000000000   -0.407106850160    0.000000000000   -0.000000000000   -0.000000000000   -0.000000000000   -0.362064763104    0.000000000000    0.000000000000    0.000000000000    0.000000000000    0.000000000000   -0.010856701013    0.000000000000
   0.000000000000    0.000000000000    0.000000000000   -0.000000000000   -0.000000000000    0.000000000000    0.000000000000   -0.000000000000    0.000000000000    0.000000000000    0.000000000000    0.000000000000    0.000000000000    0.000000000000    0.000000000000   -0.362064763104    0.000000000000   -0.000000000000    0.000000000000    0.000000000000    0.239944894424   -0.000000000000   -0.000000000000    0.000000000000    0.000000000000    0.000000000000   -0.006656059789    0.000000000000   -0.000000000000   -0.000000000000   -0.000000000000   -0.000000000000
   0.000000000000    0.000000000000    0.000000000000   -0.000000000000   -0.000000000000   -0.000000000000    0.000000000000   -0.001699915983    0.000000000000    0.000000000000   -0.003431277173   -0.000000000000    0.000000000000    0.007102378575   -0.000000000000   -0.000000000000   -0.364893607995   -0.000000000000   -0.000000000000   -0.000000000000   -0.000000000000    0.215868892517   -0.000000000000   -0.000000000000    0.000000000000   -0.000000000000    0.000000000000   -0.005682578739   -0.000000000000    0.000000000000   -0.000000000000   -0.000000000000
   0.000031167940    0.000137872634    0.000556737152   -0.002290347001   -0.039033312537   -0.073025344718    0.000000000000   -0.000000000000   -0.001094094303    0.000000000000   -0.000000000000    0.018418316347    0.000000000000   -0.000000000000    0.112252193624    0.000000000000   -0.000000000000   -0.370461364237   -0.000000000000   -0.000000000000   -0.000000000000   -0.000000000000    0.131097484978   -0.000000000000    0.000000000000   -0.000000000000   -0.000000000000    0.000000000000   -0.001765420747   -0.000000000000    0.000000000000    0.000000000000
  -0.000000000000   -0.000000000000   -0.000000000000    0.000000000000    0.000000000000    0.000000000000   -0.001699915983    0.000000000000   -0.000000000000   -0.003431277173    0.000000000000    0.000000000000    0.007102378575    0.000000000000    0.000000000000   -0.000000000000   -0.000000000000    0.000000000000   -0.364893607995   -0.000000000000    0.000000000000   -0.000000000000   -0.000000000000    0.215868892517   -0.000000000000   -0.000000000000    0.000000000000   -0.000000000000   -0.000000000000   -0.005682578739    0.000000000000   -0.000000000000
  -0.000000000000   -0.000000000000   -0.000000000000    0.000000000000    0.000000000000    0.000000000000   -0.000000000000   -0.000000000000   -0.000000000000    0.000000000000   -0.000000000000   -0.000000000000    0.000000000000   -0.000000000000    0.000000000000   -0.000000000000    0.000000000000    0.000000000000    0.000000000000   -0.362064763104    0.000000000000    0.000000000000    0.000000000000   -0.000000000000    0.239944894424    0.000000000000    0.000000000000    0.000000000000    0.000000000000    0.000000000000   -0.006656059789    0.000000000000
  -0.000000000000   -0.000000000000   -0.000000000000   -0.000000000000   -0.000000000000    0.000000000000    0.000000000000   -0.000000000000   -0.000000000000    0.000000000000    0.000000000000   -0.000000000000    0.000000000000    0.000000000000   -0.000000000000    0.000000000000   -0.000000000000    0.000000000000   -0.000000000000    0.000000000000    0.000000000000   -0.000000000000   -0.000000000000   -0.000000000000    0.000000000000    1.858275856283   -0.000000000000   -0.000000000000    0.000000000000   -0.000000000000   -0.000000000000   -0.000000000000
  -0.000000000000   -0.000000000000   -0.000000000000   -0.000000000000    0.000000000000    0.000000000000   -0.000000000000   -0.000000000000   -0.000000000000   -0.000000000000   -0.000000000000   -0.000000000000    0.000000000000   -0.000000000000   -0.000000000000   -0.010856701013    0.000000000000   -0.000000000000    0.000000000000    0.000000000000   -0.006656059789    0.000000000000   -0.000000000000    0.000000000000    0.000000000000   -0.000000000000    1.854433199931   -0.000000000000   -0.000000000000   -0.000000000000    0.000000000000    0.000000000000
   0.000000000000    0.000000000000    0.000000000000    0.000000000000   -0.000000000000   -0.000000000000   -0.000000000000   -0.002393855004    0.000000000000   -0.000000000000   -0.002283371355    0.000000000000   -0.000000000000   -0.000772502729   -0.000000000000    0.000000000000   -0.012760835024    0.000000000000   -0.000000000000    0.000000000000    0.000000000000   -0.005682578739    0.000000000000   -0.000000000000    0.000000000000   -0.000000000000   -0.000000000000    1.851384164330   -0.000000000000    0.000000000000    0.000000000000    0.000000000000
  -0.000127124264   -0.000371575447   -0.000691299156    0.000874955069    0.005825901566    0.006080281547    0.000000000000    0.000000000000   -0.002027587221    0.000000000000    0.000000000000   -0.005037665299    0.000000000000   -0.000000000000   -0.004065188313   -0.000000000000   -0.000000000000   -0.011509056678   -0.000000000000    0.000000000000   -0.000000000000   -0.000000000000   -0.001765420747   -0.000000000000    0.000000000000    0.000000000000   -0.000000000000   -0.000000000000    1.849518843432   -0.000000000000    0.000000000000   -0.000000000000
  -0.000000000000   -0.000000000000   -0.000000000000    0.000000000000    0.000000000000    0.000000000000   -0.002393855004    0.000000000000   -0.000000000000   -0.002283371355   -0.000000000000   -0.000000000000   -0.000772502729   -0.000000000000   -0.000000000000   -0.000000000000   -0.000000000000   -0.000000000000   -0.012760835024    0.000000000000   -0.000000000000    0.000000000000   -0.000000000000   -0.005682578739    0.000000000000   -0.000000000000   -0.000000000000    0.000000000000   -0.000000000000    1.851384164330   -0.000000000000    0.000000000000
  -0.000000000000   -0.000000000000    0.000000000000    0.000000000000    0.000000000000   -0.000000000000   -0.000000000000   -0.000000000000   -0.000000000000   -0.000000000000   -0.000000000000   -0.000000000000   -0.000000000000    0.000000000000   -0.000000000000   -0.000000000000   -0.000000000000   -0.000000000000    0.000000000000   -0.010856701013   -0.000000000000   -0.000000000000    0.000000000000    0.000000000000   -0.006656059789   -0.000000000000    0.000000000000    0.000000000000    0.000000000000   -0.000000000000    1.854433199931   -0.000000000000
   0.000000000000    0.000000000000    0.000000000000    0.000000000000   -0.000000000000   -0.000000000000   -0.000000000000   -0.000000000000    0.000000000000   -0.000000000000   -0.000000000000    0.000000000000   -0.000000000000   -0.000000000000    0.000000000000   -0.000000000000   -0.000000000000    0.000000000000   -0.000000000000    0.000000000000   -0.000000000000   -0.000000000000    0.000000000000   -0.000000000000    0.000000000000   -0.000000000000    0.000000000000    0.000000000000   -0.000000000000    0.000000000000   -0.000000000000    1.858275856283
