  -0.000040324362   -0.000110451422   -0.000177641894    0.000240023839    0.156571563954    1.051121666413    0.000000000000   -0.000000000000   -0.000068209618    0.000000000000    0.000000000000   -0.007729689305    0.000000000000    0.000000000000   -2.468859487945   -0.000000000000    0.000000000000    0.000632025325   -0.000000000000   -0.000000000000   -0.000000000000   -0.000000000000    0.919694652938   -0.000000000000   -0.000000000000    0.000000000000    0.000000000000    0.000000000000   -0.000100021050    0.000000000000    0.000000000000    0.000000000000
  -0.000110451422   -0.000302465102   -0.000485152157    0.000656340728    0.130001011000    0.870284970409   -0.000000000000   -0.000000000000   -0.000194276585    0.000000000000    0.000000000000   -0.006669653805    0.000000000000    0.000000000000   -2.041754648229   -0.000000000000   -0.000000000000    0.001199922227   -0.000000000000   -0.000000000000    0.000000000000   -0.000000000000    0.752735723888   -0.000000000000   -0.000000000000    0.000000000000    0.000000000000    0.000000000000   -0.000253662505    0.000000000000    0.000000000000    0.000000000000
  -0.000177641894   -0.000485152157   -0.000760808207    0.000983458652    0.002304499270    0.100497845974    0.000000000000    0.000000000000   -0.000352623365    0.000000000000    0.000000000000    0.006731557800    0.000000000000    0.000000000000   -0.256305389917   -0.000000000000   -0.000000000000   -0.000140096894   -0.000000000000   -0.000000000000   -0.000000000000   -0.000000000000    0.031481094438   -0.000000000000   -0.000000000000    0.000000000000   -0.000000000000    0.000000000000    0.000401571820    0.000000000000    0.000000000000    0.000000000000
   0.000240023839    0.000656340728    0.000983458652   -0.002388499812   -0.058800055338   -0.145161376461    0.000000000000    0.000000000000    0.001274655148   -0.000000000000   -0.000000000000    0.027665752231   -0.000000000000    0.000000000000    0.266038150853    0.000000000000   -0.000000000000   -0.010248971183    0.000000000000    0.000000000000   -0.000000000000   -0.000000000000   -0.186757853447    0.000000000000    0.000000000000   -0.000000000000   -0.000000000000    0.000000000000    0.005959234194   -0.000000000000   -0.000000000000   -0.000000000000
   0.156571563954    0.130001011000    0.002304499270   -0.058800055338   -0.163542621158   -0.277216473189   -0.000000000000   -0.000000000000    0.072331953029    0.000000000000   -0.000000000000    0.105959464059    0.000000000000   -0.000000000000    0.402193230013    0.000000000000   -0.000000000000   -0.051659573839    0.000000000000    0.000000000000    0.000000000000   -0.000000000000   -0.201019913491   -0.000000000000    0.000000000000   -0.000000000000   -0.000000000000    0.000000000000    0.010859990730   -0.000000000000   -0.000000000000   -0.000000000000
   1.051121666413    0.870284970409    0.100497845974   -0.145161376461   -0.277216473189   -0.308710433049    0.000000000000   -0.000000000000    0.124788699558    0.000000000000   -0.000000000000    0.130780026665    0.000000000000   -0.000000000000    0.284938752677    0.000000000000   -0.000000000000   -0.029781044585    0.000000000000    0.000000000000    0.000000000000    0.000000000000   -0.139537561278   -0.000000000000    0.000000000000   -0.000000000000   -0.000000000000    0.000000000000    0.005689723464   -0.000000000000   -0.000000000000   -0.000000000000
   0.000000000000    0.000000000000    0.000000000000   -0.000000000000   -0.000000000000   -0.000000000000    0.000131277132    0.000000000000    0.000000000000   -0.003283601395    0.000000000000   -0.000000000000   -0.102317292230   -0.000000000000    0.000000000000    0.000000000000    0.000000000000   -0.000000000000    0.000603611917    0.000000000000    0.000000000000   -0.000000000000   -0.000000000000    0.085390240145    0.000000000000   -0.000000000000    0.000000000000    0.000000000000    0.000000000000   -0.001273984194   -0.000000000000    0.000000000000
  -0.000000000000   -0.000000000000   -0.000000000000    0.000000000000    0.000000000000    0.000000000000    0.000000000000    0.000131277132    0.000000000000   -0.000000000000   -0.003283601395   -0.000000000000   -0.000000000000   -0.102317292230   -0.000000000000   -0.000000000000    0.000603611917    0.000000000000   -0.000000000000   -0.000000000000   -0.000000000000    0.085390240145    0.000000000000    0.000000000000    0.000000000000   -0.000000000000    0.000000000000   -0.001273984194    0.000000000000   -0.000000000000    0.000000000000   -0.000000000000
   0.000068209618    0.000194276585    0.000352623365   -0.001274655148   -0.072331953029   -0.124788699558    0.000000000000    0.000000000000    0.000431275179    0.000000000000    0.000000000000    0.033508178838    0.000000000000    0.000000000000    0.199331787930   -0.000000000000    0.000000000000   -0.009259481685   -0.000000000000    0.000000000000   -0.000000000000   -0.000000000000   -0.288336949292   -0.000000000000    0.000000000000    0.000000000000   -0.000000000000   -0.000000000000    0.006879515193    0.000000000000    0.000000000000    0.000000000000
  -0.000000000000   -0.000000000000   -0.000000000000    0.000000000000    0.000000000000    0.000000000000   -0.003283601395   -0.000000000000    0.000000000000   -0.013784441361   -0.000000000000   -0.000000000000   -0.085974821868   -0.000000000000   -0.000000000000   -0.000000000000    0.000000000000   -0.000000000000    0.014573854906   -0.000000000000   -0.000000000000   -0.000000000000    0.000000000000    0.079092524991   -0.000000000000    0.000000000000    0.000000000000    0.000000000000    0.000000000000   -0.009903194690   -0.000000000000    0.000000000000
   0.000000000000    0.000000000000    0.000000000000   -0.000000000000    0.000000000000    0.000000000000    0.000000000000   -0.003283601395    0.000000000000    0.000000000000   -0.013784441361   -0.000000000000   -0.000000000000   -0.085974821868   -0.000000000000    0.000000000000    0.014573854906   -0.000000000000   -0.000000000000    0.000000000000    0.000000000000    0.079092524991    0.000000000000    0.000000000000    0.000000000000   -0.000000000000   -0.000000000000   -0.009903194690    0.000000000000   -0.000000000000   -0.000000000000   -0.000000000000
   0.007729689305    0.006669653805   -0.006731557800   -0.027665752231   -0.105959464059   -0.130780026665   -0.000000000000    0.000000000000    0.033508178838   -0.000000000000   -0.000000000000    0.089909767753   -0.000000000000   -0.000000000000    0.153335355825    0.000000000000   -0.000000000000   -0.056834288911    0.000000000000    0.000000000000    0.000000000000   -0.000000000000   -0.189584535950    0.000000000000    0.000000000000   -0.000000000000   -0.000000000000    0.000000000000    0.026711598773   -0.000000000000   -0.000000000000   -0.000000000000
   0.000000000000    0.000000000000    0.000000000000    0.000000000000    0.000000000000    0.000000000000   -0.102317292230   -0.000000000000    0.000000000000   -0.085974821869   -0.000000000000    0.000000000000   -0.023343809042    0.000000000000   -0.000000000000   -0.000000000000   -0.000000000000   -0.000000000000    0.046895047191    0.000000000000   -0.000000000000    0.000000000000   -0.000000000000    0.016429332626    0.000000000000    0.000000000000    0.000000000000    0.000000000000    0.000000000000   -0.004814549735    0.000000000000    0.000000000000
   0.000000000000    0.000000000000    0.000000000000   -0.000000000000   -0.000000000000   -0.000000000000    0.000000000000   -0.102317292230   -0.000000000000    0.000000000000   -0.085974821869    0.000000000000    0.000000000000   -0.023343809042    0.000000000000    0.000000000000    0.046895047191   -0.000000000000   -0.000000000000    0.000000000000    0.000000000000    0.016429332626    0.000000000000   -0.000000000000    0.000000000000   -0.000000000000   -0.000000000000   -0.004814549735    0.000000000000    0.000000000000   -0.000000000000   -0.000000000000
   2.468859487945    2.041754648229    0.256305389917   -0.266038150853   -0.402193230013   -0.284938752677    0.000000000000   -0.000000000000    0.199331787929    0.000000000000   -0.000000000000    0.153335355825    0.000000000000   -0.000000000000    0.044067210277    0.000000000000   -0.000000000000   -0.013669207181    0.000000000000    0.000000000000    0.000000000000   -0.000000000000   -0.059981918736    0.000000000000    0.000000000000   -0.000000000000   -0.000000000000    0.000000000000    0.002439409394   -0.000000000000   -0.000000000000   -0.000000000000
   0.000000000000    0.000000000000    0.000000000000   -0.000000000000   -0.000000000000   -0.000000000000   -0.000000000000    0.000000000000   -0.000000000000    0.000000000000    0.000000000000    0.000000000000    0.000000000000    0.000000000000    0.000000000000   -0.000247871350   -0.000000000000    0.000000000000    0.000000000000    0.000000000000   -0.015399537800    0.000000000000   -0.000000000000   -0.000000000000   -0.000000000000    0.000000000000    0.001829742983   -0.000000000000    0.000000000000    0.000000000000    0.000000000000    0.000000000000
  -0.000000000000   -0.000000000000   -0.000000000000    0.000000000000    0.000000000000    0.000000000000   -0.000000000000   -0.000603611917    0.000000000000   -0.000000000000   -0.014573854906   -0.000000000000   -0.000000000000   -0.046895047191   -0.000000000000   -0.000000000000    0.007275945942    0.000000000000   -0.000000000000   -0.000000000000   -0.000000000000    0.080541661450    0.000000000000    0.000000000000    0.000000000000   -0.000000000000   -0.000000000000   -0.011332576124    0.000000000000   -0.000000000000   -0.000000000000   -0.000000000000
   0.000632025325    0.001199922227   -0.000140096894   -0.010248971183   -0.051659573838   -0.029781044583   -0.000000000000    0.000000000000    0.009259481685    0.000000000000   -0.000000000000    0.056834288911    0.000000000000   -0.000000000000    0.013669207181   -0.000000000000   -0.000000000000   -0.029121239686    0.000000000000    0.000000000000    0.000000000000    0.000000000000   -0.087280523797   -0.000000000000    0.000000000000   -0.000000000000   -0.000000000000   -0.000000000000    0.024002142003    0.000000000000   -0.000000000000   -0.000000000000
   0.000000000000    0.000000000000   -0.000000000000    0.000000000000    0.000000000000    0.000000000000   -0.000603611917    0.000000000000    0.000000000000   -0.014573854906    0.000000000000   -0.000000000000   -0.046895047191    0.000000000000    0.000000000000    0.000000000000   -0.000000000000   -0.000000000000    0.007275945942    0.000000000000    0.000000000000    0.000000000000   -0.000000000000    0.080541661450    0.000000000000    0.000000000000   -0.000000000000   -0.000000000000    0.000000000000   -0.011332576124   -0.000000000000    0.000000000000
  -0.000000000000   -0.000000000000   -0.000000000000    0.000000000000    0.000000000000    0.000000000000   -0.000000000000    0.000000000000    0.000000000000   -0.000000000000   -0.000000000000   -0.000000000000    0.000000000000   -0.000000000000   -0.000000000000   -0.000000000000   -0.000000000000    0.000000000000    0.000000000000   -0.000247871350    0.000000000000    0.000000000000   -0.000000000000   -0.000000000000   -0.015399537800   -0.000000000000   -0.000000000000   -0.000000000000   -0.000000000000    0.000000000000    0.001829742983   -0.000000000000
  -0.000000000000   -0.000000000000   -0.000000000000    0.000000000000    0.000000000000    0.000000000000   -0.000000000000   -0.000000000000    0.000000000000   -0.000000000000    0.000000000000   -0.000000000000    0.000000000000    0.000000000000   -0.000000000000   -0.015399537800   -0.000000000000   -0.000000000000   -0.000000000000    0.000000000000   -0.004862743687    0.000000000000   -0.000000000000   -0.000000000000   -0.000000000000    0.000000000000    0.007164787698   -0.000000000000    0.000000000000    0.000000000000    0.000000000000    0.000000000000
  -0.000000000000   -0.000000000000   -0.000000000000    0.000000000000    0.000000000000    0.000000000000    0.000000000000   -0.085390240145    0.000000000000    0.000000000000   -0.079092524991   -0.000000000000    0.000000000000   -0.016429332626   -0.000000000000    0.000000000000    0.080541661451   -0.000000000000    0.000000000000    0.000000000000    0.000000000000   -0.017220002957    0.000000000000    0.000000000000    0.000000000000    0.000000000000   -0.000000000000   -0.010446091191    0.000000000000   -0.000000000000   -0.000000000000    0.000000000000
   0.919694652938    0.752735723888    0.031481094438   -0.186757853447   -0.201019913491   -0.139537561278   -0.000000000000    0.000000000000    0.288336949292    0.000000000000   -0.000000000000    0.189584535950    0.000000000000   -0.000000000000    0.059981918736    0.000000000000   -0.000000000000   -0.087280523798    0.000000000000    0.000000000000    0.000000000000   -0.000000000000    0.027792143341    0.000000000000    0.000000000000   -0.000000000000   -0.000000000000    0.000000000000   -0.007893821872   -0.000000000000   -0.000000000000   -0.000000000000
   0.000000000000    0.000000000000    0.000000000000   -0.000000000000   -0.000000000000   -0.000000000000   -0.085390240145   -0.000000000000    0.000000000000   -0.079092524991   -0.000000000000   -0.000000000000   -0.016429332626    0.000000000000    0.000000000000   -0.000000000000   -0.000000000000    0.000000000000    0.080541661451   -0.000000000000   -0.000000000000    0.000000000000    0.000000000000   -0.017220002957   -0.000000000000    0.000000000000    0.000000000000   -0.000000000000    0.000000000000   -0.010446091191    0.000000000000   -0.000000000000
  -0.000000000000   -0.000000000000   -0.000000000000    0.000000000000    0.000000000000    0.000000000000   -0.000000000000   -0.000000000000   -0.000000000000    0.000000000000   -0.000000000000   -0.000000000000    0.000000000000   -0.000000000000   -0.000000000000    0.000000000000    0.000000000000    0.000000000000    0.000000000000   -0.015399537800    0.000000000000    0.000000000000   -0.000000000000   -0.000000000000   -0.004862743687   -0.000000000000   -0.000000000000   -0.000000000000   -0.000000000000    0.000000000000    0.007164787698    0.000000000000
   0.000000000000    0.000000000000   -0.000000000000   -0.000000000000    0.000000000000    0.000000000000    0.000000000000   -0.000000000000    0.000000000000    0.000000000000    0.000000000000   -0.000000000000   -0.000000000000   -0.000000000000   -0.000000000000   -0.000000000000   -0.000000000000    0.000000000000   -0.000000000000   -0.000000000000   -0.000000000000    0.000000000000    0.000000000000    0.000000000000    0.000000000000   -0.000126397282    0.000000000000    0.000000000000   -0.000000000000    0.000000000000   -0.000000000000   -0.000000000000
   0.000000000000    0.000000000000    0.000000000000   -0.000000000000   -0.000000000000   -0.000000000000   -0.000000000000    0.000000000000   -0.000000000000   -0.000000000000    0.000000000000    0.000000000000    0.000000000000    0.000000000000    0.000000000000   -0.001829742983   -0.000000000000   -0.000000000000    0.000000000000    0.000000000000   -0.007164787698   -0.000000000000   -0.000000000000   -0.000000000000    0.000000000000    0.000000000000    0.002151048456   -0.000000000000    0.000000000000   -0.000000000000   -0.000000000000    0.000000000000
   0.000000000000   -0.000000000000   -0.000000000000    0.000000000000    0.000000000000    0.000000000000   -0.000000000000   -0.001273984194    0.000000000000   -0.000000000000   -0.009903194690   -0.000000000000   -0.000000000000   -0.004814549735   -0.000000000000   -0.000000000000    0.011332576124    0.000000000000   -0.000000000000   -0.000000000000   -0.000000000000    0.010446091191    0.000000000000   -0.000000000000    0.000000000000   -0.000000000000   -0.000000000000   -0.011941078829    0.000000000000    0.000000000000   -0.000000000000   -0.000000000000
   0.000100021050    0.000253662505   -0.000401571820   -0.005959234194   -0.010859990730   -0.005689723463    0.000000000000    0.000000000000    0.006879515193    0.000000000000    0.000000000000    0.026711598773    0.000000000000   -0.000000000000    0.002439409393    0.000000000000   -0.000000000000   -0.024002142003   -0.000000000000    0.000000000000    0.000000000000    0.000000000000    0.007893821872   -0.000000000000    0.000000000000    0.000000000000   -0.000000000000    0.000000000000    0.023863828834    0.000000000000   -0.000000000000    0.000000000000
   0.000000000000    0.000000000000   -0.000000000000   -0.000000000000    0.000000000000    0.000000000000   -0.001273984194   -0.000000000000    0.000000000000   -0.009903194690   -0.000000000000   -0.000000000000   -0.004814549735    0.000000000000   -0.000000000000   -0.000000000000    0.000000000000   -0.000000000000    0.011332576124   -0.000000000000   -0.000000000000    0.000000000000    0.000000000000    0.010446091191   -0.000000000000    0.000000000000    0.000000000000   -0.000000000000    0.000000000000   -0.011941078829    0.000000000000    0.000000000000
  -0.000000000000   -0.000000000000   -0.000000000000    0.000000000000    0.000000000000    0.000000000000   -0.000000000000   -0.000000000000   -0.000000000000   -0.000000000000    0.000000000000   -0.000000000000   -0.000000000000    0.000000000000   -0.000000000000    0.000000000000   -0.000000000000    0.000000000000    0.000000000000   -0.001829742983    0.000000000000   -0.000000000000   -0.000000000000    0.000000000000   -0.007164787698   -0.000000000000   -0.000000000000    0.000000000000   -0.000000000000   -0.000000000000    0.002151048456    0.000000000000
  -0.000000000000   -0.000000000000   -0.000000000000   -0.000000000000    0.000000000000    0.000000000000    0.000000000000    0.000000000000    0.000000000000    0.000000000000    0.000000000000   -0.000000000000    0.000000000000   -0.000000000000   -0.000000000000   -0.000000000000   -0.000000000000    0.000000000000    0.000000000000    0.000000000000   -0.000000000000   -0.000000000000    0.000000000000   -0.000000000000    0.000000000000    0.000000000000    0.000000000000    0.000000000000   -0.000000000000   -0.000000000000    0.000000000000   -0.000126397282
