 166.321814410290  133.315744717257   51.863616281095   28.921181067019    9.932119718846    4.551623616228    0.000000000000   -0.000000000000    0.000132547997    0.000000000000   -0.000000000000   -0.000467990894   -0.000000000000   -0.000000000000   -0.000956908967   -0.000000000000   -0.000000000000   -0.001463992397   -0.000000000000    0.000000000000   -0.000000000000   -0.000000000000    0.000207834235   -0.000000000000    0.000000000000   -0.000000000000   -0.000000000000    0.000000000000   -0.000068605622   -0.000000000000    0.000000000000   -0.000000000000
 133.315744717257  111.041354577261   44.361788170122   24.439506160879    8.254839435348    3.767526697303    0.000000000000   -0.000000000000    0.000186233790    0.000000000000   -0.000000000000   -0.001250196052   -0.000000000000   -0.000000000000   -0.002631229804   -0.000000000000   -0.000000000000   -0.003976973203   -0.000000000000    0.000000000000   -0.000000000000   -0.000000000000    0.000634894929   -0.000000000000    0.000000000000   -0.000000000000   -0.000000000000    0.000000000000   -0.000190492819    0.000000000000    0.000000000000   -0.000000000000
  51.863616281095   44.361788170122   15.667666962835    6.934575818683    1.416553265651    0.502766946308    0.000000000000   -0.000000000000   -0.003097559002    0.000000000000   -0.000000000000   -0.004839383555    0.000000000000   -0.000000000000   -0.004938560280   -0.000000000000   -0.000000000000   -0.008779810547   -0.000000000000    0.000000000000   -0.000000000000   -0.000000000000    0.001360485523   -0.000000000000    0.000000000000   -0.000000000000   -0.000000000000    0.000000000000   -0.000415728741    0.000000000000    0.000000000000   -0.000000000000
  28.921181067019   24.439506160879    6.934575818683    1.967827000031   -0.465141516430   -0.443320904550    0.000000000000   -0.000000000000   -0.007003948754    0.000000000000   -0.000000000000   -0.005649694420    0.000000000000    0.000000000000    0.003215098087    0.000000000000   -0.000000000000   -0.003028278081   -0.000000000000    0.000000000000    0.000000000000    0.000000000000   -0.004610285414    0.000000000000    0.000000000000   -0.000000000000   -0.000000000000    0.000000000000    0.000006072018   -0.000000000000    0.000000000000   -0.000000000000
   9.932119718846    8.254839435348    1.416553265651   -0.465141516430   -0.964512984989   -0.699934928864    0.000000000000   -0.000000000000   -0.008310820288    0.000000000000   -0.000000000000    0.000736596190   -0.000000000000   -0.000000000000    0.025592089432    0.000000000000    0.000000000000    0.007351049963    0.000000000000    0.000000000000    0.000000000000    0.000000000000   -0.073959012895    0.000000000000    0.000000000000    0.000000000000   -0.000000000000   -0.000000000000    0.001379141438   -0.000000000000   -0.000000000000    0.000000000000
   4.551623616228    3.767526697303    0.502766946308   -0.443320904550   -0.699934928864   -0.545698549854    0.000000000000   -0.000000000000   -0.005396942562    0.000000000000   -0.000000000000    0.006876616419   -0.000000000000   -0.000000000000    0.028879866651    0.000000000000    0.000000000000    0.006877193702    0.000000000000    0.000000000000    0.000000000000    0.000000000000   -0.138471234747    0.000000000000    0.000000000000    0.000000000000   -0.000000000000   -0.000000000000    0.001632165175   -0.000000000000   -0.000000000000    0.000000000000
   0.000000000000    0.000000000000    0.000000000000    0.000000000000    0.000000000000    0.000000000000   -2.709655557342   -0.000000000000   -0.000000000000   -2.048378672296    0.000000000000   -0.000000000000   -0.455619197839    0.000000000000   -0.000000000000   -0.000000000000   -0.000000000000   -0.000000000000   -0.005694627184    0.000000000000   -0.000000000000    0.000000000000   -0.000000000000   -0.001270185225    0.000000000000    0.000000000452   -0.000000000000   -0.000000000000    0.000000000000   -0.003544975623   -0.000000000000    0.000000000132
  -0.000000000000   -0.000000000000   -0.000000000000   -0.000000000000   -0.000000000000   -0.000000000000   -0.000000000000   -2.709655557342   -0.000000000000   -0.000000000000   -2.048378672296    0.000000000000    0.000000000000   -0.455619197839    0.000000000000    0.000000000000   -0.005694627184    0.000000000000   -0.000000000000   -0.000000000000   -0.000000000000   -0.001270185225   -0.000000000000   -0.000000000000   -0.000000000000   -0.000000000132   -0.000000000000   -0.003544975623    0.000000000000   -0.000000000000    0.000000000000    0.000000000452
   0.000132547997    0.000186233790   -0.003097559002   -0.007003948754   -0.008310820288   -0.005396942562   -0.000000000000   -0.000000000000   -2.715264788515   -0.000000000000   -0.000000000000   -2.048116211228    0.000000000000    0.000000000000   -0.453559966217    0.000000000000    0.000000000000   -0.006951625064    0.000000000000    0.000000000000    0.000000000000   -0.000000000000   -0.001428091385    0.000000000000   -0.000000000000    0.000000000000   -0.000000000000   -0.000000000000   -0.003378298252   -0.000000000000    0.000000000000    0.000000000000
   0.000000000000    0.000000000000    0.000000000000    0.000000000000    0.000000000000    0.000000000000   -2.048378672296   -0.000000000000   -0.000000000000   -1.093519177511   -0.000000000000   -0.000000000000   -0.319354828837    0.000000000000    0.000000000000    0.000000000000   -0.000000000000   -0.000000000000   -0.009462303651    0.000000000000    0.000000000000   -0.000000000000   -0.000000000000   -0.005341340369    0.000000000000    0.000000000162   -0.000000000000   -0.000000000000    0.000000000000   -0.004816356627   -0.000000000000    0.000000000047
  -0.000000000000   -0.000000000000   -0.000000000000   -0.000000000000   -0.000000000000   -0.000000000000    0.000000000000   -2.048378672296   -0.000000000000   -0.000000000000   -1.093519177511    0.000000000000    0.000000000000   -0.319354828837    0.000000000000   -0.000000000000   -0.009462303651   -0.000000000000    0.000000000000    0.000000000000   -0.000000000000   -0.005341340369   -0.000000000000    0.000000000000    0.000000000000   -0.000000000047   -0.000000000000   -0.004816356627    0.000000000000   -0.000000000000    0.000000000000    0.000000000162
  -0.000467990894   -0.001250196052   -0.004839383555   -0.005649694420    0.000736596190    0.006876616419   -0.000000000000    0.000000000000   -2.048116211228   -0.000000000000    0.000000000000   -1.112385682290    0.000000000000    0.000000000000   -0.359506960540   -0.000000000000   -0.000000000000   -0.010783540615   -0.000000000000   -0.000000000000   -0.000000000000   -0.000000000000   -0.003513275483   -0.000000000000   -0.000000000000   -0.000000000000   -0.000000000000   -0.000000000000   -0.010738886107   -0.000000000000    0.000000000000   -0.000000000000
  -0.000000000000   -0.000000000000    0.000000000000    0.000000000000   -0.000000000000   -0.000000000000   -0.455619197839    0.000000000000    0.000000000000   -0.319354828837    0.000000000000    0.000000000000   -0.012454183417    0.000000000000    0.000000000000   -0.000000000000   -0.000000000000   -0.000000000000   -0.003197307574    0.000000000000   -0.000000000000    0.000000000000   -0.000000000000   -0.004777553467   -0.000000000000   -0.000000000123   -0.000000000000    0.000000000000    0.000000000000   -0.002397700974   -0.000000000000   -0.000000000036
  -0.000000000000   -0.000000000000   -0.000000000000    0.000000000000   -0.000000000000   -0.000000000000    0.000000000000   -0.455619197839    0.000000000000    0.000000000000   -0.319354828837    0.000000000000    0.000000000000   -0.012454183417   -0.000000000000   -0.000000000000   -0.003197307574   -0.000000000000    0.000000000000    0.000000000000   -0.000000000000   -0.004777553467   -0.000000000000    0.000000000000    0.000000000000    0.000000000036   -0.000000000000   -0.002397700974    0.000000000000    0.000000000000    0.000000000000   -0.000000000123
  -0.000956908967   -0.002631229804   -0.004938560280    0.003215098087    0.025592089432    0.028879866651   -0.000000000000    0.000000000000   -0.453559966217    0.000000000000    0.000000000000   -0.359506960540    0.000000000000   -0.000000000000   -0.365118172702   -0.000000000000   -0.000000000000   -0.002698453690   -0.000000000000   -0.000000000000   -0.000000000000   -0.000000000000   -0.000230428249   -0.000000000000   -0.000000000000   -0.000000000000    0.000000000000   -0.000000000000   -0.008674516467    0.000000000000    0.000000000000   -0.000000000000
  -0.000000000000   -0.000000000000   -0.000000000000    0.000000000000    0.000000000000    0.000000000000   -0.000000000000    0.000000000000    0.000000000000    0.000000000000   -0.000000000000   -0.000000000000   -0.000000000000   -0.000000000000   -0.000000000000   -0.415877313008   -0.000000000000    0.000000000000    0.000000000000    0.000000001589   -0.365176081348   -0.000000000000    0.000000000000   -0.000000000000   -0.000000000734    0.000000000000   -0.008330510913   -0.000000000000    0.000000000000    0.000000000000   -0.000000000023   -0.000000000000
  -0.000000000000   -0.000000000000   -0.000000000000   -0.000000000000    0.000000000000    0.000000000000   -0.000000000000   -0.005694627184    0.000000000000   -0.000000000000   -0.009462303651   -0.000000000000   -0.000000000000   -0.003197307574   -0.000000000000   -0.000000000000   -0.419473837234   -0.000000000000   -0.000000000000   -0.000000000000    0.000000000000   -0.370417045066    0.000000000000   -0.000000000000   -0.000000000000    0.000000000004   -0.000000000000   -0.010860697294   -0.000000000000    0.000000000000    0.000000000000   -0.000000000015
  -0.001463992397   -0.003976973203   -0.008779810547   -0.003028278081    0.007351049963    0.006877193702   -0.000000000000    0.000000000000   -0.006951625064   -0.000000000000   -0.000000000000   -0.010783540615   -0.000000000000   -0.000000000000   -0.002698453690    0.000000000000   -0.000000000000   -0.414652719048   -0.000000000000   -0.000000000000    0.000000000000   -0.000000000000   -0.381713474346    0.000000000000   -0.000000000000    0.000000000000    0.000000000000    0.000000000000   -0.011668947878   -0.000000000000   -0.000000000000   -0.000000000000
  -0.000000000000   -0.000000000000   -0.000000000000   -0.000000000000    0.000000000000    0.000000000000   -0.005694627184   -0.000000000000    0.000000000000   -0.009462303651    0.000000000000   -0.000000000000   -0.003197307574    0.000000000000   -0.000000000000    0.000000000000   -0.000000000000   -0.000000000000   -0.419473837234   -0.000000000000    0.000000000000    0.000000000000    0.000000000000   -0.370417045066   -0.000000000000   -0.000000000015    0.000000000000    0.000000000000   -0.000000000000   -0.010860697294    0.000000000000   -0.000000000004
   0.000000000000    0.000000000000    0.000000000000    0.000000000000    0.000000000000    0.000000000000    0.000000000000   -0.000000000000    0.000000000000    0.000000000000    0.000000000000   -0.000000000000    0.000000000000    0.000000000000   -0.000000000000    0.000000001589   -0.000000000000   -0.000000000000   -0.000000000000   -0.415877312081   -0.000000000734    0.000000000000   -0.000000000000   -0.000000000000   -0.365176081776   -0.000000000000   -0.000000000023    0.000000000000    0.000000000000   -0.000000000000   -0.008330510926    0.000000000000
  -0.000000000000   -0.000000000000   -0.000000000000    0.000000000000    0.000000000000    0.000000000000   -0.000000000000   -0.000000000000    0.000000000000    0.000000000000   -0.000000000000   -0.000000000000   -0.000000000000   -0.000000000000   -0.000000000000   -0.365176081348    0.000000000000    0.000000000000    0.000000000000   -0.000000000734    0.233910821357   -0.000000000000    0.000000000000   -0.000000000000   -0.000000001223    0.000000000000   -0.005361255986   -0.000000000000    0.000000000000    0.000000000000   -0.000000000015   -0.000000000000
  -0.000000000000   -0.000000000000   -0.000000000000    0.000000000000    0.000000000000    0.000000000000    0.000000000000   -0.001270185225   -0.000000000000   -0.000000000000   -0.005341340369   -0.000000000000    0.000000000000   -0.004777553467   -0.000000000000   -0.000000000000   -0.370417045066   -0.000000000000    0.000000000000    0.000000000000   -0.000000000000    0.188711784696    0.000000000000    0.000000000000    0.000000000000    0.000000000002   -0.000000000000   -0.006743758500   -0.000000000000    0.000000000000    0.000000000000   -0.000000000007
   0.000207834235    0.000634894929    0.001360485523   -0.004610285414   -0.073959012895   -0.138471234747   -0.000000000000   -0.000000000000   -0.001428091385   -0.000000000000   -0.000000000000   -0.003513275483   -0.000000000000   -0.000000000000   -0.000230428249    0.000000000000    0.000000000000   -0.381713474346    0.000000000000   -0.000000000000    0.000000000000    0.000000000000    0.023089146833   -0.000000000000   -0.000000000000    0.000000000000    0.000000000000    0.000000000000   -0.007069053485   -0.000000000000    0.000000000000   -0.000000000000
  -0.000000000000   -0.000000000000   -0.000000000000    0.000000000000    0.000000000000    0.000000000000   -0.001270185225   -0.000000000000    0.000000000000   -0.005341340369    0.000000000000   -0.000000000000   -0.004777553467    0.000000000000   -0.000000000000   -0.000000000000   -0.000000000000    0.000000000000   -0.370417045066   -0.000000000000   -0.000000000000    0.000000000000   -0.000000000000    0.188711784696   -0.000000000000   -0.000000000007    0.000000000000    0.000000000000   -0.000000000000   -0.006743758500    0.000000000000   -0.000000000002
   0.000000000000    0.000000000000    0.000000000000    0.000000000000    0.000000000000    0.000000000000    0.000000000000   -0.000000000000   -0.000000000000    0.000000000000    0.000000000000   -0.000000000000   -0.000000000000    0.000000000000   -0.000000000000   -0.000000000734   -0.000000000000   -0.000000000000   -0.000000000000   -0.365176081776   -0.000000001223    0.000000000000   -0.000000000000   -0.000000000000    0.233910820643   -0.000000000000   -0.000000000015    0.000000000000    0.000000000000   -0.000000000000   -0.005361255995    0.000000000000
  -0.000000000000   -0.000000000000   -0.000000000000   -0.000000000000    0.000000000000    0.000000000000    0.000000000452   -0.000000000132    0.000000000000    0.000000000162   -0.000000000047   -0.000000000000   -0.000000000123    0.000000000036   -0.000000000000    0.000000000000    0.000000000004    0.000000000000   -0.000000000015   -0.000000000000    0.000000000000    0.000000000002    0.000000000000   -0.000000000007   -0.000000000000    1.850648512051   -0.000000000000    0.000000000008    0.000000000000   -0.000000000027   -0.000000000000    0.000000000000
  -0.000000000000   -0.000000000000   -0.000000000000   -0.000000000000   -0.000000000000   -0.000000000000   -0.000000000000   -0.000000000000   -0.000000000000   -0.000000000000   -0.000000000000   -0.000000000000   -0.000000000000   -0.000000000000    0.000000000000   -0.008330510913   -0.000000000000    0.000000000000    0.000000000000   -0.000000000023   -0.005361255986   -0.000000000000    0.000000000000    0.000000000000   -0.000000000015   -0.000000000000    1.845157756682   -0.000000000000    0.000000000000   -0.000000000000    0.000000000034    0.000000000000
   0.000000000000    0.000000000000    0.000000000000    0.000000000000   -0.000000000000   -0.000000000000   -0.000000000000   -0.003544975623   -0.000000000000   -0.000000000000   -0.004816356627   -0.000000000000    0.000000000000   -0.002397700974   -0.000000000000   -0.000000000000   -0.010860697294    0.000000000000    0.000000000000    0.000000000000   -0.000000000000   -0.006743758500    0.000000000000    0.000000000000    0.000000000000    0.000000000008   -0.000000000000    1.840120965600   -0.000000000000   -0.000000000000    0.000000000000   -0.000000000027
  -0.000068605622   -0.000190492819   -0.000415728741    0.000006072018    0.001379141438    0.001632165175    0.000000000000    0.000000000000   -0.003378298252    0.000000000000    0.000000000000   -0.010738886107    0.000000000000    0.000000000000   -0.008674516467    0.000000000000   -0.000000000000   -0.011668947878   -0.000000000000    0.000000000000    0.000000000000   -0.000000000000   -0.007069053485   -0.000000000000    0.000000000000    0.000000000000    0.000000000000   -0.000000000000    1.836740803764   -0.000000000000   -0.000000000000    0.000000000000
  -0.000000000000    0.000000000000    0.000000000000   -0.000000000000   -0.000000000000   -0.000000000000   -0.003544975623   -0.000000000000   -0.000000000000   -0.004816356627   -0.000000000000   -0.000000000000   -0.002397700974    0.000000000000    0.000000000000    0.000000000000    0.000000000000   -0.000000000000   -0.010860697294   -0.000000000000    0.000000000000    0.000000000000   -0.000000000000   -0.006743758500   -0.000000000000   -0.000000000027   -0.000000000000   -0.000000000000   -0.000000000000    1.840120965600   -0.000000000000   -0.000000000008
   0.000000000000    0.000000000000    0.000000000000    0.000000000000   -0.000000000000   -0.000000000000   -0.000000000000    0.000000000000    0.000000000000   -0.000000000000    0.000000000000    0.000000000000   -0.000000000000    0.000000000000    0.000000000000   -0.000000000023    0.000000000000   -0.000000000000    0.000000000000   -0.008330510926   -0.000000000015    0.000000000000    0.000000000000    0.000000000000   -0.005361255995   -0.000000000000    0.000000000034    0.000000000000   -0.000000000000   -0.000000000000    1.845157756702   -0.000000000000
  -0.000000000000   -0.000000000000   -0.000000000000   -0.000000000000    0.000000000000    0.000000000000    0.000000000132    0.000000000452    0.000000000000    0.000000000047    0.000000000162   -0.000000000000   -0.000000000036   -0.000000000123   -0.000000000000   -0.000000000000   -0.000000000015   -0.000000000000   -0.000000000004    0.000000000000   -0.000000000000   -0.000000000007   -0.000000000000   -0.000000000002    0.000000000000    0.000000000000    0.000000000000   -0.000000000027    0.000000000000   -0.000000000008   -0.000000000000    1.850648512051
