 166.311557891995  133.306145149121   51.858687357809   28.918244177591    9.931053036911    4.551126347669   -0.000000000000    0.000000000000   -0.000119196582   -0.000000000000   -0.000000000000    0.000432086534   -0.000000000000   -0.000000000000    0.000884010045   -0.000000000000    0.000000000000   -0.001450683702    0.000000000000   -0.000000000000   -0.000000000000    0.000000000000    0.000219816514    0.000000000000   -0.000000000000   -0.000000000000    0.000000000000   -0.000000000000    0.000061965531    0.000000000000    0.000000000000    0.000000000000
 133.306145149121  111.031109839827   44.354942822330   24.435136457531    8.253160287878    3.766730903506   -0.000000000000    0.000000000000   -0.000164380105   -0.000000000000   -0.000000000000    0.001150730622   -0.000000000000   -0.000000000000    0.002430404606   -0.000000000000    0.000000000000   -0.003943730384    0.000000000000   -0.000000000000   -0.000000000000    0.000000000000    0.000665702053    0.000000000000   -0.000000000000   -0.000000000000   -0.000000000000   -0.000000000000    0.000171082340    0.000000000000    0.000000000000    0.000000000000
  51.858687357809   44.354942822330   15.657425774269    6.925432964759    1.411838520588    0.500374144643   -0.000000000000   -0.000000000000    0.002878846226   -0.000000000000   -0.000000000000    0.004468851502   -0.000000000000   -0.000000000000    0.004568887475   -0.000000000000    0.000000000000   -0.008796808062    0.000000000000   -0.000000000000   -0.000000000000    0.000000000000    0.001379242437    0.000000000000   -0.000000000000   -0.000000000000   -0.000000000000   -0.000000000000    0.000370360394    0.000000000000    0.000000000000    0.000000000000
  28.918244177591   24.435136457531    6.925432964759    1.957469645516   -0.472361602620   -0.447327753376   -0.000000000000   -0.000000000000    0.006504071328   -0.000000000000   -0.000000000000    0.005289685275   -0.000000000000    0.000000000000   -0.002934706293   -0.000000000000    0.000000000000   -0.003231154356    0.000000000000    0.000000000000   -0.000000000000   -0.000000000000   -0.004755532970   -0.000000000000    0.000000000000   -0.000000000000   -0.000000000000   -0.000000000000   -0.000002185276   -0.000000000000    0.000000000000    0.000000000000
   9.931053036911    8.253160287878    1.411838520588   -0.472361602620   -0.974468272800   -0.707873874497   -0.000000000000   -0.000000000000    0.007761224739   -0.000000000000   -0.000000000000   -0.000393432050   -0.000000000000    0.000000000000   -0.023487036677   -0.000000000000   -0.000000000000    0.006934185131    0.000000000000    0.000000000000   -0.000000000000   -0.000000000000   -0.074683345804   -0.000000000000    0.000000000000    0.000000000000    0.000000000000    0.000000000000   -0.001211576317   -0.000000000000   -0.000000000000   -0.000000000000
   4.551126347669    3.766730903506    0.500374144643   -0.447327753376   -0.707873874497   -0.554701421773   -0.000000000000   -0.000000000000    0.005069125596   -0.000000000000    0.000000000000   -0.006108935896   -0.000000000000    0.000000000000   -0.026605698836   -0.000000000000   -0.000000000000    0.006580949626    0.000000000000    0.000000000000   -0.000000000000   -0.000000000000   -0.139256289550    0.000000000000    0.000000000000    0.000000000000    0.000000000000    0.000000000000   -0.001443515124   -0.000000000000   -0.000000000000   -0.000000000000
  -0.000000000000   -0.000000000000   -0.000000000000   -0.000000000000   -0.000000000000   -0.000000000000   -2.719987050386   -0.000000000000    0.000000000000   -2.055412124833   -0.000000000000    0.000000000000   -0.456953586840   -0.000000000000    0.000000000000   -0.000000000000   -0.000000000000    0.000000000000    0.005282996463   -0.000000000000   -0.000000000000   -0.000000000000    0.000000000000    0.001180181932   -0.000000000000    0.000000000000    0.000000000000    0.000000000000   -0.000000000000   -0.003657474144    0.000000000000    0.000000000000
   0.000000000000    0.000000000000   -0.000000000000   -0.000000000000   -0.000000000000   -0.000000000000   -0.000000000000   -2.719987050386    0.000000000000   -0.000000000000   -2.055412124833    0.000000000000   -0.000000000000   -0.456953586840    0.000000000000   -0.000000000000    0.005282996463    0.000000000000    0.000000000000    0.000000000000   -0.000000000000    0.001180181932    0.000000000000    0.000000000000    0.000000000000   -0.000000000000    0.000000000000   -0.003657474144   -0.000000000000    0.000000000000   -0.000000000000    0.000000000000
  -0.000119196582   -0.000164380105    0.002878846226    0.006504071328    0.007761224739    0.005069125596    0.000000000000    0.000000000000   -2.725730754200    0.000000000000    0.000000000000   -2.055433146950    0.000000000000   -0.000000000000   -0.455075267618   -0.000000000000   -0.000000000000    0.006381609590   -0.000000000000    0.000000000000    0.000000000000   -0.000000000000    0.001377248578   -0.000000000000   -0.000000000000   -0.000000000000    0.000000000000    0.000000000000   -0.003579028581    0.000000000000    0.000000000000    0.000000000000
  -0.000000000000   -0.000000000000   -0.000000000000   -0.000000000000   -0.000000000000   -0.000000000000   -2.055412124833   -0.000000000000    0.000000000000   -1.103720967995   -0.000000000000    0.000000000000   -0.323361958399   -0.000000000000    0.000000000000   -0.000000000000    0.000000000000    0.000000000000    0.008859466261   -0.000000000000   -0.000000000000    0.000000000000    0.000000000000    0.005075155088   -0.000000000000    0.000000000000    0.000000000000    0.000000000000   -0.000000000000   -0.005072342436    0.000000000000    0.000000000000
  -0.000000000000   -0.000000000000   -0.000000000000   -0.000000000000   -0.000000000000    0.000000000000   -0.000000000000   -2.055412124833    0.000000000000   -0.000000000000   -1.103720967995   -0.000000000000   -0.000000000000   -0.323361958399   -0.000000000000   -0.000000000000    0.008859466261   -0.000000000000    0.000000000000    0.000000000000   -0.000000000000    0.005075155088    0.000000000000    0.000000000000    0.000000000000   -0.000000000000    0.000000000000   -0.005072342436   -0.000000000000    0.000000000000   -0.000000000000    0.000000000000
   0.000432086534    0.001150730622    0.004468851502    0.005289685275   -0.000393432050   -0.006108935896    0.000000000000    0.000000000000   -2.055433146950    0.000000000000   -0.000000000000   -1.122988859690    0.000000000000   -0.000000000000   -0.363239807772    0.000000000000    0.000000000000    0.010315899355   -0.000000000000   -0.000000000000    0.000000000000   -0.000000000000    0.003596773533   -0.000000000000   -0.000000000000    0.000000000000    0.000000000000    0.000000000000   -0.011056523112    0.000000000000    0.000000000000   -0.000000000000
  -0.000000000000   -0.000000000000   -0.000000000000   -0.000000000000   -0.000000000000   -0.000000000000   -0.456953586840   -0.000000000000    0.000000000000   -0.323361958399   -0.000000000000    0.000000000000   -0.020815142724   -0.000000000000    0.000000000000   -0.000000000000    0.000000000000    0.000000000000    0.003070898828   -0.000000000000   -0.000000000000    0.000000000000    0.000000000000    0.004714847138   -0.000000000000   -0.000000000000   -0.000000000000    0.000000000000   -0.000000000000   -0.002495095914    0.000000000000   -0.000000000000
  -0.000000000000   -0.000000000000   -0.000000000000    0.000000000000    0.000000000000    0.000000000000   -0.000000000000   -0.456953586840   -0.000000000000   -0.000000000000   -0.323361958399   -0.000000000000   -0.000000000000   -0.020815142724   -0.000000000000   -0.000000000000    0.003070898828   -0.000000000000   -0.000000000000    0.000000000000   -0.000000000000    0.004714847138    0.000000000000   -0.000000000000    0.000000000000    0.000000000000    0.000000000000   -0.002495095914   -0.000000000000   -0.000000000000   -0.000000000000   -0.000000000000
   0.000884010045    0.002430404606    0.004568887475   -0.002934706293   -0.023487036677   -0.026605698836    0.000000000000    0.000000000000   -0.455075267618    0.000000000000   -0.000000000000   -0.363239807772    0.000000000000   -0.000000000000   -0.372543643917    0.000000000000    0.000000000000    0.003049605173   -0.000000000000   -0.000000000000    0.000000000000   -0.000000000000    0.000607420417   -0.000000000000   -0.000000000000    0.000000000000    0.000000000000    0.000000000000   -0.008677353204    0.000000000000    0.000000000000   -0.000000000000
  -0.000000000000   -0.000000000000   -0.000000000000   -0.000000000000   -0.000000000000   -0.000000000000   -0.000000000000   -0.000000000000   -0.000000000000   -0.000000000000   -0.000000000000    0.000000000000   -0.000000000000   -0.000000000000    0.000000000000   -0.426251718722    0.000000000000    0.000000000000    0.000000000000    0.000000000000   -0.369565607144    0.000000000000    0.000000000000    0.000000000000   -0.000000000000   -0.000000000000    0.007748820942    0.000000000000   -0.000000000000    0.000000000000   -0.000000000000    0.000000000000
   0.000000000000    0.000000000000    0.000000000000    0.000000000000   -0.000000000000   -0.000000000000   -0.000000000000    0.005282996463   -0.000000000000    0.000000000000    0.008859466261    0.000000000000    0.000000000000    0.003070898828    0.000000000000    0.000000000000   -0.429995694947   -0.000000000000    0.000000000000   -0.000000000000    0.000000000000   -0.375038687167    0.000000000000   -0.000000000000   -0.000000000000    0.000000000000   -0.000000000000    0.010121482587    0.000000000000    0.000000000000    0.000000000000   -0.000000000000
  -0.001450683702   -0.003943730384   -0.008796808062   -0.003231154356    0.006934185131    0.006580949626    0.000000000000    0.000000000000    0.006381609590    0.000000000000   -0.000000000000    0.010315899355    0.000000000000   -0.000000000000    0.003049605173    0.000000000000   -0.000000000000   -0.425442578766   -0.000000000000    0.000000000000    0.000000000000   -0.000000000000   -0.386323557385   -0.000000000000   -0.000000000000    0.000000000000   -0.000000000000   -0.000000000000    0.010923562270   -0.000000000000    0.000000000000    0.000000000000
   0.000000000000    0.000000000000    0.000000000000    0.000000000000    0.000000000000    0.000000000000    0.005282996463    0.000000000000   -0.000000000000    0.008859466261    0.000000000000   -0.000000000000    0.003070898828   -0.000000000000   -0.000000000000    0.000000000000    0.000000000000   -0.000000000000   -0.429995694947   -0.000000000000    0.000000000000    0.000000000000    0.000000000000   -0.375038687167    0.000000000000   -0.000000000000   -0.000000000000   -0.000000000000    0.000000000000    0.010121482587   -0.000000000000   -0.000000000000
  -0.000000000000   -0.000000000000   -0.000000000000    0.000000000000    0.000000000000    0.000000000000   -0.000000000000    0.000000000000    0.000000000000   -0.000000000000    0.000000000000   -0.000000000000   -0.000000000000    0.000000000000   -0.000000000000    0.000000000000   -0.000000000000    0.000000000000   -0.000000000000   -0.426251718720   -0.000000000000   -0.000000000000   -0.000000000000    0.000000000000   -0.369565607145   -0.000000000000   -0.000000000000    0.000000000000    0.000000000000    0.000000000000    0.007748820942   -0.000000000000
  -0.000000000000   -0.000000000000   -0.000000000000   -0.000000000000   -0.000000000000   -0.000000000000   -0.000000000000   -0.000000000000    0.000000000000   -0.000000000000   -0.000000000000    0.000000000000   -0.000000000000   -0.000000000000    0.000000000000   -0.369565607144    0.000000000000    0.000000000000    0.000000000000   -0.000000000000    0.224465322718    0.000000000000    0.000000000000    0.000000000000   -0.000000000000   -0.000000000000    0.005014504744    0.000000000000   -0.000000000000    0.000000000000    0.000000000000    0.000000000000
   0.000000000000    0.000000000000    0.000000000000   -0.000000000000   -0.000000000000   -0.000000000000   -0.000000000000    0.001180181932   -0.000000000000    0.000000000000    0.005075155088   -0.000000000000    0.000000000000    0.004714847138   -0.000000000000    0.000000000000   -0.375038687167   -0.000000000000    0.000000000000   -0.000000000000    0.000000000000    0.178499627191    0.000000000000   -0.000000000000   -0.000000000000    0.000000000000   -0.000000000000    0.006354854530    0.000000000000    0.000000000000    0.000000000000   -0.000000000000
   0.000219816514    0.000665702053    0.001379242437   -0.004755532970   -0.074683345804   -0.139256289550    0.000000000000    0.000000000000    0.001377248578    0.000000000000    0.000000000000    0.003596773533    0.000000000000    0.000000000000    0.000607420417    0.000000000000    0.000000000000   -0.386323557385    0.000000000000   -0.000000000000    0.000000000000    0.000000000000    0.012794468228    0.000000000000   -0.000000000000   -0.000000000000   -0.000000000000   -0.000000000000    0.006706943932   -0.000000000000    0.000000000000    0.000000000000
   0.000000000000    0.000000000000    0.000000000000   -0.000000000000   -0.000000000000    0.000000000000    0.001180181932    0.000000000000   -0.000000000000    0.005075155088    0.000000000000   -0.000000000000    0.004714847138   -0.000000000000   -0.000000000000    0.000000000000   -0.000000000000   -0.000000000000   -0.375038687167    0.000000000000    0.000000000000   -0.000000000000    0.000000000000    0.178499627191    0.000000000000   -0.000000000000   -0.000000000000   -0.000000000000    0.000000000000    0.006354854530   -0.000000000000   -0.000000000000
  -0.000000000000   -0.000000000000   -0.000000000000    0.000000000000    0.000000000000    0.000000000000   -0.000000000000    0.000000000000   -0.000000000000   -0.000000000000    0.000000000000   -0.000000000000   -0.000000000000    0.000000000000   -0.000000000000   -0.000000000000   -0.000000000000   -0.000000000000    0.000000000000   -0.369565607145   -0.000000000000   -0.000000000000   -0.000000000000    0.000000000000    0.224465322716   -0.000000000000    0.000000000000    0.000000000000    0.000000000000    0.000000000000    0.005014504744   -0.000000000000
  -0.000000000000   -0.000000000000   -0.000000000000   -0.000000000000    0.000000000000    0.000000000000    0.000000000000   -0.000000000000   -0.000000000000    0.000000000000   -0.000000000000    0.000000000000   -0.000000000000    0.000000000000    0.000000000000   -0.000000000000    0.000000000000    0.000000000000   -0.000000000000   -0.000000000000   -0.000000000000    0.000000000000   -0.000000000000   -0.000000000000   -0.000000000000    1.840374233335    0.000000000000    0.000000000000   -0.000000000000   -0.000000000000    0.000000000000   -0.000000000000
   0.000000000000   -0.000000000000   -0.000000000000   -0.000000000000    0.000000000000    0.000000000000    0.000000000000    0.000000000000    0.000000000000    0.000000000000    0.000000000000    0.000000000000   -0.000000000000    0.000000000000    0.000000000000    0.007748820942   -0.000000000000   -0.000000000000   -0.000000000000   -0.000000000000    0.005014504744   -0.000000000000   -0.000000000000   -0.000000000000    0.000000000000    0.000000000000    1.834659138519    0.000000000000    0.000000000000    0.000000000000    0.000000000000   -0.000000000000
  -0.000000000000   -0.000000000000   -0.000000000000   -0.000000000000    0.000000000000    0.000000000000    0.000000000000   -0.003657474144    0.000000000000    0.000000000000   -0.005072342436    0.000000000000    0.000000000000   -0.002495095914    0.000000000000    0.000000000000    0.010121482587   -0.000000000000   -0.000000000000    0.000000000000    0.000000000000    0.006354854530   -0.000000000000   -0.000000000000    0.000000000000    0.000000000000    0.000000000000    1.829462941219    0.000000000000    0.000000000000   -0.000000000000   -0.000000000000
   0.000061965531    0.000171082340    0.000370360394   -0.000002185276   -0.001211576317   -0.001443515124   -0.000000000000   -0.000000000000   -0.003579028581   -0.000000000000   -0.000000000000   -0.011056523112   -0.000000000000   -0.000000000000   -0.008677353204   -0.000000000000    0.000000000000    0.010923562270    0.000000000000    0.000000000000   -0.000000000000    0.000000000000    0.006706943932    0.000000000000    0.000000000000   -0.000000000000    0.000000000000    0.000000000000    1.826027264612    0.000000000000   -0.000000000000    0.000000000000
   0.000000000000    0.000000000000    0.000000000000   -0.000000000000   -0.000000000000   -0.000000000000   -0.003657474144    0.000000000000    0.000000000000   -0.005072342436    0.000000000000    0.000000000000   -0.002495095914   -0.000000000000    0.000000000000    0.000000000000    0.000000000000   -0.000000000000    0.010121482587    0.000000000000    0.000000000000    0.000000000000   -0.000000000000    0.006354854530    0.000000000000   -0.000000000000    0.000000000000    0.000000000000    0.000000000000    1.829462941219    0.000000000000   -0.000000000000
   0.000000000000    0.000000000000    0.000000000000    0.000000000000   -0.000000000000   -0.000000000000    0.000000000000   -0.000000000000    0.000000000000    0.000000000000   -0.000000000000    0.000000000000    0.000000000000   -0.000000000000    0.000000000000   -0.000000000000    0.000000000000    0.000000000000   -0.000000000000    0.007748820942    0.000000000000    0.000000000000    0.000000000000   -0.000000000000    0.005014504744    0.000000000000    0.000000000000   -0.000000000000   -0.000000000000    0.000000000000    1.834659138519    0.000000000000
   0.000000000000    0.000000000000    0.000000000000    0.000000000000   -0.000000000000   -0.000000000000    0.000000000000    0.000000000000    0.000000000000    0.000000000000    0.000000000000   -0.000000000000   -0.000000000000   -0.000000000000   -0.000000000000    0.000000000000   -0.000000000000    0.000000000000   -0.000000000000   -0.000000000000    0.000000000000   -0.000000000000    0.000000000000   -0.000000000000   -0.000000000000   -0.000000000000   -0.000000000000   -0.000000000000    0.000000000000   -0.000000000000    0.000000000000    1.840374233335
