 166.328265600742  133.321749892800   51.866636027876   28.923017185656    9.932922800798    4.552084334944    0.000000000000   -0.000000000000   -0.000147880377    0.000000000000   -0.000000000000    0.000517326902    0.000000000000   -0.000000000000    0.001059057638    0.000000000149   -0.000000000000   -0.001539399468   -0.000000000000   -0.000000000024    0.000000000145    0.000000000000    0.000199430418    0.000000000000   -0.000000000023    0.000000000000    0.000000000298    0.000000000000    0.000070344635   -0.000000000000   -0.000000000047   -0.000000000000
 133.321749892800  111.047686077870   44.365876513859   24.442231460272    8.256261211851    3.768433117535    0.000000000000   -0.000000000000   -0.000207673755    0.000000000000   -0.000000000000    0.001384755415    0.000000000000   -0.000000000000    0.002912711472    0.000000000371    0.000000000000   -0.004179824581   -0.000000000000   -0.000000000059    0.000000000391    0.000000000000    0.000614061969    0.000000000000   -0.000000000062    0.000000000000    0.000000001278    0.000000000000    0.000195095068   -0.000000000000   -0.000000000203   -0.000000000000
  51.866636027876   44.365876513859   15.673809335458    6.940448805515    1.420254923241    0.505002521745    0.000000000000   -0.000000000000    0.003422915294    0.000000000000   -0.000000000000    0.005352317450    0.000000000000   -0.000000000000    0.005463663089    0.000000000475    0.000000000000   -0.009167758789   -0.000000000000   -0.000000000075    0.000000000557    0.000000000000    0.001346156270    0.000000000000   -0.000000000088    0.000000000000    0.000000004442    0.000000000000    0.000428106269    0.000000000000   -0.000000000705   -0.000000000000
  28.923017185656   24.442231460272    6.940448805515    1.974490985543   -0.461006219614   -0.441432746647    0.000000000000   -0.000000000000    0.007723274561    0.000000000000   -0.000000000000    0.006177529889    0.000000000000   -0.000000000000   -0.003605525781   -0.000000000863    0.000000000000   -0.003013751713    0.000000000000    0.000000000137   -0.000000000949    0.000000000000   -0.004622180904    0.000000000000    0.000000000151    0.000000000000    0.000000001765   -0.000000000000    0.000003928161    0.000000000000   -0.000000000280    0.000000000000
   9.932922800798    8.256261211851    1.420254923241   -0.461006219614   -0.962317488871   -0.699873647131    0.000000000000   -0.000000000000    0.009134779963    0.000000000000   -0.000000000000   -0.001122384293    0.000000000000    0.000000000000   -0.028714011532   -0.000000006727    0.000000000000    0.008117081708    0.000000000000    0.000000001068   -0.000000005288    0.000000000000   -0.074269345353    0.000000000000    0.000000000840   -0.000000000000   -0.000000007825   -0.000000000000   -0.001381142227    0.000000000000    0.000000001243    0.000000000000
   4.552084334944    3.768433117535    0.505002521745   -0.441432746647   -0.699873647131   -0.546456453024    0.000000000000   -0.000000000000    0.005911160800    0.000000000000   -0.000000000000   -0.007915112062    0.000000000000    0.000000000000   -0.032509572493   -0.000000008721    0.000000000000    0.007509483575    0.000000000000    0.000000001385   -0.000000006334    0.000000000000   -0.138899790786    0.000000000000    0.000000001006   -0.000000000000   -0.000000009698   -0.000000000000   -0.001644376831    0.000000000000    0.000000001540    0.000000000000
   0.000000000000    0.000000000000    0.000000000000    0.000000000000    0.000000000000    0.000000000000   -2.702692514710    0.000000000519    0.000000000000   -2.043691282216   -0.000000000219    0.000000000000   -0.454890272580   -0.000000001321    0.000000000000   -0.000000000000    0.000000015280   -0.000000000000    0.006306344636    0.000000000000   -0.000000000000    0.000000001260   -0.000000000000    0.001364387507    0.000000000000   -0.000000000476    0.000000000000    0.000000001085    0.000000000000   -0.003637095990    0.000000000000    0.000000000074
  -0.000000000000   -0.000000000000   -0.000000000000   -0.000000000000   -0.000000000000   -0.000000000000    0.000000000519   -2.702692514545    0.000000000000   -0.000000000219   -2.043691282285    0.000000000000   -0.000000001321   -0.454890273000    0.000000000000    0.000000000000    0.006306349488    0.000000000000    0.000000015280    0.000000000000    0.000000000000    0.001364387907    0.000000000000    0.000000001260    0.000000000000    0.000000000077   -0.000000000000   -0.003637095646   -0.000000000000    0.000000001085   -0.000000000000    0.000000000475
  -0.000147880377   -0.000207673755    0.003422915294    0.007723274561    0.009134779963    0.005911160800    0.000000000000    0.000000000000   -2.708425266637    0.000000000000    0.000000000000   -2.043241261125    0.000000000000    0.000000000000   -0.452736737725   -0.000000003188   -0.000000000000    0.007649258391    0.000000000000    0.000000000506   -0.000000011263   -0.000000000000    0.001590121317    0.000000000000    0.000000001788   -0.000000000000    0.000000001489    0.000000000000   -0.003398974317    0.000000000000   -0.000000000236    0.000000000000
   0.000000000000    0.000000000000    0.000000000000    0.000000000000    0.000000000000    0.000000000000   -2.043691282216   -0.000000000219    0.000000000000   -1.087259625273   -0.000000000562    0.000000000000   -0.317488921202   -0.000000000881    0.000000000000   -0.000000000000   -0.000000036587   -0.000000000000    0.010264641200    0.000000000000   -0.000000000000   -0.000000023695   -0.000000000000    0.005603700671    0.000000000000   -0.000000000310    0.000000000000    0.000000000509   -0.000000000000   -0.004882158956    0.000000000000    0.000000000049
  -0.000000000000   -0.000000000000   -0.000000000000   -0.000000000000   -0.000000000000   -0.000000000000   -0.000000000219   -2.043691282285    0.000000000000   -0.000000000562   -1.087259625451    0.000000000000   -0.000000000881   -0.317488921482    0.000000000000    0.000000000000    0.010264629581    0.000000000000   -0.000000036587   -0.000000000000    0.000000000000    0.005603693146    0.000000000000   -0.000000023695   -0.000000000000    0.000000000050    0.000000000000   -0.004882158795   -0.000000000000    0.000000000509   -0.000000000000    0.000000000309
   0.000517326902    0.001384755415    0.005352317450    0.006177529889   -0.001122384293   -0.007915112062    0.000000000000    0.000000000000   -2.043241261125    0.000000000000    0.000000000000   -1.106115920057    0.000000000000    0.000000000000   -0.357888050727    0.000000012486   -0.000000000000    0.011858459069    0.000000000000   -0.000000001983   -0.000000003948   -0.000000000000    0.003651387657    0.000000000000    0.000000000627   -0.000000000000   -0.000000000328    0.000000000000   -0.010713031868    0.000000000000    0.000000000052    0.000000000000
   0.000000000000    0.000000000000    0.000000000000    0.000000000000    0.000000000000    0.000000000000   -0.454890272580   -0.000000001321    0.000000000000   -0.317488921202   -0.000000000881    0.000000000000   -0.009977000829    0.000000002106    0.000000000000   -0.000000000000   -0.000000052353   -0.000000000000    0.003296104687    0.000000000000   -0.000000000000   -0.000000032568   -0.000000000000    0.004628319203    0.000000000000   -0.000000000837    0.000000000000    0.000000000403   -0.000000000000   -0.002401559735    0.000000000000    0.000000000133
  -0.000000000000   -0.000000000000   -0.000000000000   -0.000000000000    0.000000000000    0.000000000000   -0.000000001321   -0.454890273000    0.000000000000   -0.000000000881   -0.317488921482    0.000000000000    0.000000002106   -0.009977000160    0.000000000000   -0.000000000000    0.003296088061    0.000000000000   -0.000000052353   -0.000000000000    0.000000000000    0.004628308860    0.000000000000   -0.000000032568   -0.000000000000    0.000000000133    0.000000000000   -0.002401559607   -0.000000000000    0.000000000403   -0.000000000000    0.000000000837
   0.001059057638    0.002912711472    0.005463663089   -0.003605525781   -0.028714011532   -0.032509572493    0.000000000000    0.000000000000   -0.452736737725    0.000000000000    0.000000000000   -0.357888050727    0.000000000000    0.000000000000   -0.361910051245    0.000000019114   -0.000000000000    0.002742232926    0.000000000000   -0.000000003035    0.000000007070    0.000000000000   -0.000263219344    0.000000000000   -0.000000001123    0.000000000000   -0.000000001951   -0.000000000000   -0.008658711891    0.000000000000    0.000000000310    0.000000000000
   0.000000000149    0.000000000371    0.000000000475   -0.000000000863   -0.000000006727   -0.000000008721   -0.000000000000    0.000000000000   -0.000000003188   -0.000000000000    0.000000000000    0.000000012486   -0.000000000000   -0.000000000000    0.000000019114   -0.408621327061    0.000000000000   -0.000000000892   -0.000000000000   -0.000000000001   -0.362429938281   -0.000000000000    0.000000000513    0.000000000000    0.000000000001    0.000000000000    0.009141863028   -0.000000000000    0.000000002415    0.000000000000   -0.000000000000   -0.000000000000
  -0.000000000000    0.000000000000    0.000000000000    0.000000000000    0.000000000000    0.000000000000    0.000000015280    0.006306349488   -0.000000000000   -0.000000036587    0.010264629581   -0.000000000000   -0.000000052353    0.003296088061   -0.000000000000    0.000000000000   -0.412201790804   -0.000000000000    0.000000006536    0.000000000000    0.000000000000   -0.367786491359    0.000000000000   -0.000000005180    0.000000000000   -0.000000000287    0.000000000000    0.011900050976    0.000000000000   -0.000000000425    0.000000000000   -0.000000001821
  -0.001539399468   -0.004179824581   -0.009167758789   -0.003013751713    0.008117081708    0.007509483575   -0.000000000000    0.000000000000    0.007649258391   -0.000000000000    0.000000000000    0.011858459069   -0.000000000000    0.000000000000    0.002742232926   -0.000000000892   -0.000000000000   -0.406910185476    0.000000000000    0.000000000142    0.000000000444    0.000000000000   -0.379038041159    0.000000000000   -0.000000000071    0.000000000000    0.000000003986   -0.000000000000    0.012800014127    0.000000000000   -0.000000000633    0.000000000000
  -0.000000000000   -0.000000000000   -0.000000000000    0.000000000000    0.000000000000    0.000000000000    0.006306344636    0.000000015280    0.000000000000    0.010264641200   -0.000000036587    0.000000000000    0.003296104687   -0.000000052353    0.000000000000   -0.000000000000    0.000000006536    0.000000000000   -0.412201792880    0.000000000000   -0.000000000000   -0.000000005180    0.000000000000   -0.367786489714    0.000000000000    0.000000001820   -0.000000000000   -0.000000000425   -0.000000000000    0.011900051111    0.000000000000   -0.000000000291
  -0.000000000024   -0.000000000059   -0.000000000075    0.000000000137    0.000000001068    0.000000001385    0.000000000000    0.000000000000    0.000000000506    0.000000000000   -0.000000000000   -0.000000001983    0.000000000000   -0.000000000000   -0.000000003035   -0.000000000001    0.000000000000    0.000000000142    0.000000000000   -0.408621327070    0.000000000001   -0.000000000000   -0.000000000081    0.000000000000   -0.362429938277   -0.000000000000   -0.000000000000   -0.000000000000   -0.000000000383    0.000000000000    0.009141863026    0.000000000000
   0.000000000145    0.000000000391    0.000000000557   -0.000000000949   -0.000000005288   -0.000000006334   -0.000000000000    0.000000000000   -0.000000011263   -0.000000000000    0.000000000000   -0.000000003948   -0.000000000000    0.000000000000    0.000000007070   -0.362429938281    0.000000000000    0.000000000444   -0.000000000000    0.000000000001    0.238994071515    0.000000000000   -0.000000000194    0.000000000000    0.000000000001    0.000000000000    0.005819086672   -0.000000000000    0.000000007261    0.000000000000   -0.000000000000   -0.000000000000
   0.000000000000    0.000000000000    0.000000000000    0.000000000000    0.000000000000    0.000000000000    0.000000001260    0.001364387907   -0.000000000000   -0.000000023695    0.005603693146   -0.000000000000   -0.000000032568    0.004628308860    0.000000000000   -0.000000000000   -0.367786491359    0.000000000000   -0.000000005180   -0.000000000000    0.000000000000    0.193339598896    0.000000000000   -0.000000004780   -0.000000000000   -0.000000000415    0.000000000000    0.007336122269    0.000000000000   -0.000000005387    0.000000000000   -0.000000002616
   0.000199430418    0.000614061969    0.001346156270   -0.004622180904   -0.074269345353   -0.138899790786   -0.000000000000    0.000000000000    0.001590121317   -0.000000000000    0.000000000000    0.003651387657   -0.000000000000    0.000000000000   -0.000263219344    0.000000000513    0.000000000000   -0.379038041159    0.000000000000   -0.000000000081   -0.000000000194    0.000000000000    0.027535543874    0.000000000000    0.000000000031    0.000000000000    0.000000008247   -0.000000000000    0.007710443034    0.000000000000   -0.000000001309   -0.000000000000
   0.000000000000    0.000000000000    0.000000000000    0.000000000000    0.000000000000    0.000000000000    0.001364387507    0.000000001260    0.000000000000    0.005603700671   -0.000000023695    0.000000000000    0.004628319203   -0.000000032568    0.000000000000    0.000000000000   -0.000000005180    0.000000000000   -0.367786489714    0.000000000000    0.000000000000   -0.000000004780    0.000000000000    0.193339600414    0.000000000000    0.000000002616   -0.000000000000   -0.000000005387   -0.000000000000    0.007336123980    0.000000000000   -0.000000000416
  -0.000000000023   -0.000000000062   -0.000000000088    0.000000000151    0.000000000840    0.000000001006    0.000000000000    0.000000000000    0.000000001788    0.000000000000   -0.000000000000    0.000000000627    0.000000000000   -0.000000000000   -0.000000001123    0.000000000001    0.000000000000   -0.000000000071    0.000000000000   -0.362429938277    0.000000000001   -0.000000000000    0.000000000031    0.000000000000    0.238994071521   -0.000000000000   -0.000000000000   -0.000000000000   -0.000000001153    0.000000000000    0.005819086672    0.000000000000
   0.000000000000    0.000000000000    0.000000000000    0.000000000000   -0.000000000000   -0.000000000000   -0.000000000476    0.000000000077   -0.000000000000   -0.000000000310    0.000000000050   -0.000000000000   -0.000000000837    0.000000000133    0.000000000000    0.000000000000   -0.000000000287    0.000000000000    0.000000001820   -0.000000000000    0.000000000000   -0.000000000415    0.000000000000    0.000000002616   -0.000000000000    1.858012698044    0.000000000000    0.000000000064    0.000000000000   -0.000000000401    0.000000000000    0.000000000000
   0.000000000298    0.000000001278    0.000000004442    0.000000001765   -0.000000007825   -0.000000009698    0.000000000000   -0.000000000000    0.000000001489    0.000000000000    0.000000000000   -0.000000000328    0.000000000000    0.000000000000   -0.000000001951    0.009141863028    0.000000000000    0.000000003986   -0.000000000000   -0.000000000000    0.005819086672    0.000000000000    0.000000008247   -0.000000000000   -0.000000000000    0.000000000000    1.852392151092    0.000000000000   -0.000000000833    0.000000000000   -0.000000000000   -0.000000000000
   0.000000000000    0.000000000000    0.000000000000   -0.000000000000   -0.000000000000   -0.000000000000    0.000000001085   -0.003637095646    0.000000000000    0.000000000509   -0.004882158795    0.000000000000    0.000000000403   -0.002401559607   -0.000000000000   -0.000000000000    0.011900050976   -0.000000000000   -0.000000000425   -0.000000000000   -0.000000000000    0.007336122269   -0.000000000000   -0.000000005387   -0.000000000000    0.000000000064    0.000000000000    1.847299690024    0.000000000000    0.000000000582   -0.000000000000    0.000000000401
   0.000070344635    0.000195095068    0.000428106269    0.000003928161   -0.001381142227   -0.001644376831    0.000000000000   -0.000000000000   -0.003398974317   -0.000000000000   -0.000000000000   -0.010713031868   -0.000000000000   -0.000000000000   -0.008658711891    0.000000002415    0.000000000000    0.012800014127   -0.000000000000   -0.000000000383    0.000000007261    0.000000000000    0.007710443034   -0.000000000000   -0.000000001153    0.000000000000   -0.000000000833    0.000000000000    1.843930318833    0.000000000000    0.000000000132   -0.000000000000
  -0.000000000000   -0.000000000000    0.000000000000    0.000000000000    0.000000000000    0.000000000000   -0.003637095990    0.000000001085    0.000000000000   -0.004882158956    0.000000000509    0.000000000000   -0.002401559735    0.000000000403    0.000000000000    0.000000000000   -0.000000000425    0.000000000000    0.011900051111    0.000000000000    0.000000000000   -0.000000005387    0.000000000000    0.007336123980    0.000000000000   -0.000000000401    0.000000000000    0.000000000582    0.000000000000    1.847299689839    0.000000000000    0.000000000064
  -0.000000000047   -0.000000000203   -0.000000000705   -0.000000000280    0.000000001243    0.000000001540    0.000000000000   -0.000000000000   -0.000000000236    0.000000000000   -0.000000000000    0.000000000052    0.000000000000   -0.000000000000    0.000000000310   -0.000000000000    0.000000000000   -0.000000000633    0.000000000000    0.009141863026   -0.000000000000    0.000000000000   -0.000000001309    0.000000000000    0.005819086672    0.000000000000   -0.000000000000   -0.000000000000    0.000000000132    0.000000000000    1.852392151092    0.000000000000
  -0.000000000000   -0.000000000000   -0.000000000000    0.000000000000    0.000000000000    0.000000000000    0.000000000074    0.000000000475    0.000000000000    0.000000000049    0.000000000309    0.000000000000    0.000000000133    0.000000000837    0.000000000000   -0.000000000000   -0.000000001821    0.000000000000   -0.000000000291    0.000000000000   -0.000000000000   -0.000000002616   -0.000000000000   -0.000000000416    0.000000000000    0.000000000000   -0.000000000000    0.000000000401   -0.000000000000    0.000000000064    0.000000000000    1.858012698044
