 166.311784091399  133.306356785378   51.858795883977   28.918308933594    9.931076910820    4.551137747218    0.000000000000    0.000000000000   -0.000119226466    0.000000000000    0.000000000000    0.000432106473    0.000000000000    0.000000000000    0.000883997986    0.000000000000   -0.000000000000   -0.001450993197   -0.000000000000   -0.000000000001    0.000000000000    0.000000000000    0.000219701809   -0.000000000000   -0.000000000000    0.000000000000    0.000000000000    0.000000000000    0.000061977953   -0.000000000000   -0.000000000000    0.000000000000
 133.306356785378  111.031335529542   44.355093323567   24.435232804710    8.253198266011    3.766749620080    0.000000000000    0.000000000000   -0.000164438480    0.000000000000    0.000000000000    0.001150818706    0.000000000000    0.000000000000    0.002430374433    0.000000000000   -0.000000000000   -0.003944551833   -0.000000000000   -0.000000000002    0.000000000000    0.000000000000    0.000665402651   -0.000000000000   -0.000000000001   -0.000000000000    0.000000000000    0.000000000000    0.000171128526   -0.000000000000   -0.000000000000   -0.000000000000
  51.858795883977   44.355093323567   15.657650748654    6.925634376122    1.411943796373    0.500428609367   -0.000000000000   -0.000000000000    0.002878862149   -0.000000000000   -0.000000000000    0.004469047328   -0.000000000000    0.000000000000    0.004568777320    0.000000000001   -0.000000000000   -0.008797982729   -0.000000000000   -0.000000000004    0.000000000000   -0.000000000000    0.001378954719   -0.000000000000   -0.000000000001   -0.000000000000    0.000000000000   -0.000000000000    0.000370488273   -0.000000000000   -0.000000000001    0.000000000000
  28.918308933594   24.435232804710    6.925634376122    1.957697095724   -0.472204843762   -0.447241952238   -0.000000000000   -0.000000000000    0.006504036951   -0.000000000000   -0.000000000000    0.005289242746   -0.000000000000   -0.000000000000   -0.002934843630   -0.000000000000    0.000000000000   -0.003229975238   -0.000000000000    0.000000000001   -0.000000000000   -0.000000000000   -0.004754595986   -0.000000000000    0.000000000001    0.000000000000    0.000000000000   -0.000000000000   -0.000002227488   -0.000000000000   -0.000000000000    0.000000000000
   9.931076910820    8.253198266011    1.411943796373   -0.472204843762   -0.974260107756   -0.707710672049   -0.000000000000   -0.000000000000    0.007760705487   -0.000000000000   -0.000000000000   -0.000395859669   -0.000000000000   -0.000000000000   -0.023487041907   -0.000000000001    0.000000000000    0.006939309118   -0.000000000000    0.000000000008   -0.000000000000    0.000000000000   -0.074678485551   -0.000000000000    0.000000000001    0.000000000000   -0.000000000000   -0.000000000000   -0.001212127148    0.000000000000    0.000000000002    0.000000000000
   4.551137747218    3.766749620080    0.500428609367   -0.447241952238   -0.707710672049   -0.554510624533   -0.000000000000   -0.000000000000    0.005068500915   -0.000000000000   -0.000000000000   -0.006110780537   -0.000000000000   -0.000000000000   -0.026604135577   -0.000000000001    0.000000000000    0.006585132134   -0.000000000000    0.000000000005    0.000000000000   -0.000000000000   -0.139250941338   -0.000000000000   -0.000000000001    0.000000000000   -0.000000000000    0.000000000000   -0.001444039173    0.000000000000    0.000000000002   -0.000000000000
   0.000000000000    0.000000000000   -0.000000000000   -0.000000000000   -0.000000000000   -0.000000000000   -2.719758632217    0.000000000000    0.000000000000   -2.055256831734   -0.000000000000   -0.000000000000   -0.456924371878   -0.000000000000   -0.000000000000   -0.000000000000    0.000000000000    0.000000000000    0.005282993965   -0.000000000000   -0.000000000000   -0.000000000000   -0.000000000000    0.001180194914   -0.000000000000    0.000000000000    0.000000000000   -0.000000000000   -0.000000000000   -0.003657171726   -0.000000000000   -0.000000000001
   0.000000000000    0.000000000000   -0.000000000000   -0.000000000000   -0.000000000000   -0.000000000000    0.000000000000   -2.719758632215    0.000000000000   -0.000000000000   -2.055256831736   -0.000000000000   -0.000000000000   -0.456924371880   -0.000000000000   -0.000000000000    0.005282993970    0.000000000000    0.000000000000    0.000000000000   -0.000000000000    0.001180194913   -0.000000000000   -0.000000000000    0.000000000000   -0.000000000001   -0.000000000000   -0.003657171727   -0.000000000000   -0.000000000000    0.000000000000   -0.000000000000
  -0.000119226466   -0.000164438480    0.002878862149    0.006504036951    0.007760705487    0.005068500915    0.000000000000    0.000000000000   -2.725502099047    0.000000000000    0.000000000000   -2.055275805925    0.000000000000    0.000000000000   -0.455044650828    0.000000000000   -0.000000000000    0.006382269987   -0.000000000000   -0.000000000001   -0.000000000000   -0.000000000000    0.001376754944   -0.000000000000    0.000000000001    0.000000000000   -0.000000000000    0.000000000000   -0.003578063797   -0.000000000000    0.000000000000    0.000000000000
   0.000000000000    0.000000000000   -0.000000000000   -0.000000000000   -0.000000000000   -0.000000000000   -2.055256831734   -0.000000000000    0.000000000000   -1.103496158184   -0.000000000000   -0.000000000000   -0.323273610480    0.000000000000   -0.000000000000   -0.000000000000   -0.000000000001    0.000000000000    0.008858730459   -0.000000000000   -0.000000000000   -0.000000000001    0.000000000000    0.005074082709   -0.000000000000   -0.000000000000    0.000000000000   -0.000000000000   -0.000000000000   -0.005070959607   -0.000000000000    0.000000000000
   0.000000000000    0.000000000000   -0.000000000000   -0.000000000000   -0.000000000000   -0.000000000000   -0.000000000000   -2.055256831736    0.000000000000   -0.000000000000   -1.103496158186   -0.000000000000    0.000000000000   -0.323273610479   -0.000000000000   -0.000000000000    0.008858730447    0.000000000000   -0.000000000001    0.000000000000   -0.000000000000    0.005074082701    0.000000000000   -0.000000000001    0.000000000000    0.000000000000   -0.000000000000   -0.005070959608   -0.000000000000   -0.000000000000    0.000000000000    0.000000000000
   0.000432106473    0.001150818706    0.004469047328    0.005289242746   -0.000395859669   -0.006110780537   -0.000000000000   -0.000000000000   -2.055275805925   -0.000000000000   -0.000000000000   -1.122760721843   -0.000000000000   -0.000000000000   -0.363152509473   -0.000000000000    0.000000000000    0.010312945982   -0.000000000000    0.000000000002   -0.000000000000    0.000000000000    0.003594300637   -0.000000000000    0.000000000002    0.000000000000   -0.000000000000   -0.000000000000   -0.011054610112   -0.000000000000    0.000000000000    0.000000000000
   0.000000000000    0.000000000000   -0.000000000000   -0.000000000000   -0.000000000000   -0.000000000000   -0.456924371878   -0.000000000000    0.000000000000   -0.323273610480    0.000000000000   -0.000000000000   -0.020617212797    0.000000000001   -0.000000000000   -0.000000000000   -0.000000000002    0.000000000000    0.003070077492   -0.000000000000   -0.000000000000   -0.000000000001    0.000000000000    0.004712492948   -0.000000000000   -0.000000000000    0.000000000000    0.000000000000   -0.000000000000   -0.002494418638   -0.000000000000    0.000000000000
   0.000000000000    0.000000000000    0.000000000000   -0.000000000000   -0.000000000000   -0.000000000000   -0.000000000000   -0.456924371880    0.000000000000    0.000000000000   -0.323273610479   -0.000000000000    0.000000000001   -0.020617212790   -0.000000000000    0.000000000000    0.003070077475    0.000000000000   -0.000000000002    0.000000000000   -0.000000000000    0.004712492940    0.000000000000   -0.000000000001    0.000000000000    0.000000000000   -0.000000000000   -0.002494418637    0.000000000000    0.000000000000   -0.000000000000    0.000000000000
   0.000883997986    0.002430374433    0.004568777320   -0.002934843630   -0.023487041907   -0.026604135577   -0.000000000000   -0.000000000000   -0.455044650828   -0.000000000000   -0.000000000000   -0.363152509473   -0.000000000000   -0.000000000000   -0.372348475976   -0.000000000000    0.000000000000    0.003044737424    0.000000000000    0.000000000001    0.000000000000    0.000000000000    0.000606059288   -0.000000000000   -0.000000000000    0.000000000000   -0.000000000000   -0.000000000000   -0.008677044304   -0.000000000000    0.000000000000    0.000000000000
   0.000000000000    0.000000000000    0.000000000001   -0.000000000000   -0.000000000001   -0.000000000001   -0.000000000000   -0.000000000000    0.000000000000   -0.000000000000   -0.000000000000   -0.000000000000   -0.000000000000    0.000000000000   -0.000000000000   -0.426021935655   -0.000000000000   -0.000000000001    0.000000000000   -0.000000000000   -0.369467520516   -0.000000000000    0.000000000000    0.000000000000   -0.000000000000   -0.000000000000    0.007748597392   -0.000000000000    0.000000000000   -0.000000000000    0.000000000000    0.000000000000
  -0.000000000000   -0.000000000000   -0.000000000000    0.000000000000    0.000000000000    0.000000000000    0.000000000000    0.005282993970   -0.000000000000   -0.000000000001    0.008858730447    0.000000000000   -0.000000000002    0.003070077475    0.000000000000   -0.000000000000   -0.429765347955    0.000000000000    0.000000000000   -0.000000000000    0.000000000000   -0.374939245681   -0.000000000000   -0.000000000000   -0.000000000000    0.000000000000   -0.000000000000    0.010120989057   -0.000000000000   -0.000000000000    0.000000000000    0.000000000000
  -0.001450993197   -0.003944551833   -0.008797982729   -0.003229975238    0.006939309118    0.006585132134    0.000000000000    0.000000000000    0.006382269987    0.000000000000    0.000000000000    0.010312945982    0.000000000000    0.000000000000    0.003044737424   -0.000000000001    0.000000000000   -0.425209312950   -0.000000000000    0.000000000004   -0.000000000000    0.000000000000   -0.386224251165    0.000000000000    0.000000000001   -0.000000000000    0.000000000000   -0.000000000000    0.010922637018   -0.000000000000   -0.000000000000   -0.000000000000
  -0.000000000000   -0.000000000000   -0.000000000000   -0.000000000000   -0.000000000000   -0.000000000000    0.005282993965    0.000000000000   -0.000000000000    0.008858730459   -0.000000000001   -0.000000000000    0.003070077492   -0.000000000002    0.000000000000    0.000000000000    0.000000000000   -0.000000000000   -0.429765347956    0.000000000000   -0.000000000000   -0.000000000000    0.000000000000   -0.374939245681   -0.000000000000   -0.000000000000   -0.000000000000   -0.000000000000    0.000000000000    0.010120989057   -0.000000000000    0.000000000000
  -0.000000000001   -0.000000000002   -0.000000000004    0.000000000001    0.000000000008    0.000000000005   -0.000000000000    0.000000000000   -0.000000000001   -0.000000000000    0.000000000000    0.000000000002   -0.000000000000    0.000000000000    0.000000000001   -0.000000000000   -0.000000000000    0.000000000004    0.000000000000   -0.426021935655   -0.000000000000    0.000000000000   -0.000000000002   -0.000000000000   -0.369467520516    0.000000000000   -0.000000000000   -0.000000000000   -0.000000000001    0.000000000000    0.007748597392   -0.000000000000
   0.000000000000    0.000000000000    0.000000000000   -0.000000000000   -0.000000000000    0.000000000000   -0.000000000000   -0.000000000000   -0.000000000000   -0.000000000000   -0.000000000000   -0.000000000000   -0.000000000000   -0.000000000000    0.000000000000   -0.369467520516    0.000000000000   -0.000000000000   -0.000000000000   -0.000000000000    0.224680475310    0.000000000000    0.000000000000   -0.000000000000   -0.000000000000   -0.000000000000    0.005014105176    0.000000000000    0.000000000000   -0.000000000000    0.000000000000    0.000000000000
   0.000000000000    0.000000000000   -0.000000000000   -0.000000000000    0.000000000000   -0.000000000000   -0.000000000000    0.001180194913   -0.000000000000   -0.000000000001    0.005074082701    0.000000000000   -0.000000000001    0.004712492940    0.000000000000   -0.000000000000   -0.374939245681    0.000000000000   -0.000000000000    0.000000000000    0.000000000000    0.178719595713   -0.000000000000    0.000000000001   -0.000000000000    0.000000000000   -0.000000000000    0.006353922335   -0.000000000000   -0.000000000000    0.000000000000    0.000000000000
   0.000219701809    0.000665402651    0.001378954719   -0.004754595986   -0.074678485551   -0.139250941338   -0.000000000000   -0.000000000000    0.001376754944    0.000000000000    0.000000000000    0.003594300637    0.000000000000    0.000000000000    0.000606059288    0.000000000000   -0.000000000000   -0.386224251165    0.000000000000   -0.000000000002    0.000000000000   -0.000000000000    0.013014880138    0.000000000000   -0.000000000001   -0.000000000000    0.000000000000   -0.000000000000    0.006705660723   -0.000000000000   -0.000000000001    0.000000000000
  -0.000000000000   -0.000000000000   -0.000000000000   -0.000000000000   -0.000000000000   -0.000000000000    0.001180194914   -0.000000000000   -0.000000000000    0.005074082709   -0.000000000001   -0.000000000000    0.004712492948   -0.000000000001   -0.000000000000    0.000000000000   -0.000000000000    0.000000000000   -0.374939245681   -0.000000000000   -0.000000000000    0.000000000001    0.000000000000    0.178719595706   -0.000000000000   -0.000000000000   -0.000000000000   -0.000000000000    0.000000000000    0.006353922337   -0.000000000000    0.000000000000
  -0.000000000000   -0.000000000001   -0.000000000001    0.000000000001    0.000000000001   -0.000000000001   -0.000000000000    0.000000000000    0.000000000001   -0.000000000000    0.000000000000    0.000000000002   -0.000000000000    0.000000000000   -0.000000000000   -0.000000000000   -0.000000000000    0.000000000001   -0.000000000000   -0.369467520516   -0.000000000000   -0.000000000000   -0.000000000001   -0.000000000000    0.224680475310    0.000000000000   -0.000000000000   -0.000000000000   -0.000000000002    0.000000000000    0.005014105176   -0.000000000000
   0.000000000000   -0.000000000000   -0.000000000000    0.000000000000    0.000000000000    0.000000000000    0.000000000000   -0.000000000001    0.000000000000   -0.000000000000    0.000000000000    0.000000000000   -0.000000000000    0.000000000000    0.000000000000   -0.000000000000    0.000000000000   -0.000000000000   -0.000000000000    0.000000000000   -0.000000000000    0.000000000000   -0.000000000000   -0.000000000000    0.000000000000    1.840603621047   -0.000000000000    0.000000000001    0.000000000000   -0.000000000000    0.000000000000   -0.000000000000
   0.000000000000    0.000000000000    0.000000000000    0.000000000000   -0.000000000000   -0.000000000000    0.000000000000   -0.000000000000   -0.000000000000    0.000000000000   -0.000000000000   -0.000000000000    0.000000000000   -0.000000000000   -0.000000000000    0.007748597392   -0.000000000000    0.000000000000   -0.000000000000   -0.000000000000    0.005014105176   -0.000000000000    0.000000000000   -0.000000000000   -0.000000000000   -0.000000000000    1.834889428192   -0.000000000000   -0.000000000000    0.000000000000   -0.000000000000   -0.000000000000
   0.000000000000    0.000000000000   -0.000000000000   -0.000000000000   -0.000000000000    0.000000000000   -0.000000000000   -0.003657171727    0.000000000000   -0.000000000000   -0.005070959608   -0.000000000000    0.000000000000   -0.002494418637   -0.000000000000   -0.000000000000    0.010120989057   -0.000000000000   -0.000000000000   -0.000000000000    0.000000000000    0.006353922335   -0.000000000000   -0.000000000000   -0.000000000000    0.000000000001   -0.000000000000    1.829693925454   -0.000000000000    0.000000000000   -0.000000000000    0.000000000000
   0.000061977953    0.000171128526    0.000370488273   -0.000002227488   -0.001212127148   -0.001444039173   -0.000000000000   -0.000000000000   -0.003578063797   -0.000000000000   -0.000000000000   -0.011054610112   -0.000000000000    0.000000000000   -0.008677044304    0.000000000000   -0.000000000000    0.010922637018    0.000000000000   -0.000000000001    0.000000000000   -0.000000000000    0.006705660723    0.000000000000   -0.000000000002    0.000000000000   -0.000000000000   -0.000000000000    1.826258438151   -0.000000000000    0.000000000001   -0.000000000000
  -0.000000000000   -0.000000000000   -0.000000000000   -0.000000000000    0.000000000000    0.000000000000   -0.003657171726   -0.000000000000   -0.000000000000   -0.005070959607   -0.000000000000   -0.000000000000   -0.002494418638    0.000000000000   -0.000000000000   -0.000000000000   -0.000000000000   -0.000000000000    0.010120989057    0.000000000000   -0.000000000000   -0.000000000000   -0.000000000000    0.006353922337    0.000000000000   -0.000000000000    0.000000000000    0.000000000000   -0.000000000000    1.829693925452   -0.000000000000    0.000000000001
  -0.000000000000   -0.000000000000   -0.000000000001   -0.000000000000    0.000000000002    0.000000000002   -0.000000000000    0.000000000000    0.000000000000   -0.000000000000    0.000000000000    0.000000000000   -0.000000000000   -0.000000000000    0.000000000000    0.000000000000    0.000000000000   -0.000000000000   -0.000000000000    0.007748597392    0.000000000000    0.000000000000   -0.000000000001   -0.000000000000    0.005014105176    0.000000000000   -0.000000000000   -0.000000000000    0.000000000001   -0.000000000000    1.834889428192   -0.000000000000
   0.000000000000   -0.000000000000    0.000000000000    0.000000000000    0.000000000000   -0.000000000000   -0.000000000001   -0.000000000000    0.000000000000    0.000000000000    0.000000000000    0.000000000000    0.000000000000    0.000000000000    0.000000000000    0.000000000000    0.000000000000   -0.000000000000    0.000000000000   -0.000000000000    0.000000000000    0.000000000000    0.000000000000    0.000000000000   -0.000000000000   -0.000000000000   -0.000000000000    0.000000000000   -0.000000000000    0.000000000001   -0.000000000000    1.840603621047
