 166.312118559866  133.306670764685   51.858958877278   28.918405014975    9.931108165983    4.551150434664   -0.000000000000    0.000000000000    0.000119339123   -0.000000000000   -0.000000000000   -0.000432092015   -0.000000000000   -0.000000000000   -0.000883960441    0.000000000000   -0.000000000000   -0.001451969874    0.000000000000    0.000000000000    0.000000000000   -0.000000000000    0.000219268697    0.000000000000    0.000000000000    0.000000000000    0.000000000000    0.000000000000   -0.000061993034    0.000000000000    0.000000000000   -0.000000000000
 133.306670764685  111.031672802030   44.355322632820   24.435375938396    8.253243283045    3.766765915651   -0.000000000000    0.000000000000    0.000164709752   -0.000000000000   -0.000000000000   -0.001150888354   -0.000000000000   -0.000000000000   -0.002430284693    0.000000000000   -0.000000000000   -0.003947032731    0.000000000000    0.000000000000    0.000000000000   -0.000000000000    0.000664336547    0.000000000000    0.000000000000    0.000000000000    0.000000000000    0.000000000000   -0.000171207018    0.000000000000    0.000000000000   -0.000000000000
  51.858958877278   44.355322632820   15.657993378366    6.925930025184    1.412079015529    0.500489860850   -0.000000000000    0.000000000000   -0.002878223054   -0.000000000000    0.000000000000   -0.004469014506   -0.000000000000   -0.000000000000   -0.004568429818    0.000000000000   -0.000000000000   -0.008798440009    0.000000000000    0.000000000000    0.000000000000   -0.000000000000    0.001378973574   -0.000000000000    0.000000000000    0.000000000000    0.000000000000    0.000000000000   -0.000370748178    0.000000000000    0.000000000000   -0.000000000000
  28.918405014975   24.435375938396    6.925930025184    1.958032800127   -0.471957077336   -0.447096367877   -0.000000000000    0.000000000000   -0.006502974904   -0.000000000000    0.000000000000   -0.005287397663   -0.000000000000    0.000000000000    0.002935483507   -0.000000000000   -0.000000000000   -0.003218776841   -0.000000000000   -0.000000000000   -0.000000000000    0.000000000000   -0.004748290264   -0.000000000000   -0.000000000000    0.000000000000    0.000000000000   -0.000000000000    0.000002352624   -0.000000000000    0.000000000000   -0.000000000000
   9.931108165983    8.253243283045    1.412079015529   -0.471957077336   -0.973833718334   -0.707344114588   -0.000000000000   -0.000000000000   -0.007758358996   -0.000000000000    0.000000000000    0.000402805754    0.000000000000    0.000000000000    0.023489063554   -0.000000000001    0.000000000000    0.006965869993   -0.000000000000   -0.000000000000   -0.000000000000    0.000000000000   -0.074653746928    0.000000000000   -0.000000000000   -0.000000000000   -0.000000000000   -0.000000000000    0.001213434440   -0.000000000000   -0.000000000000    0.000000000000
   4.551150434664    3.766765915651    0.500489860850   -0.447096367877   -0.707344114588   -0.554085778355   -0.000000000000   -0.000000000000   -0.005066184165   -0.000000000000    0.000000000000    0.006116478251   -0.000000000000    0.000000000000    0.026605396127   -0.000000000001    0.000000000000    0.006604657478    0.000000000000   -0.000000000000   -0.000000000000    0.000000000000   -0.139231468253    0.000000000000   -0.000000000000   -0.000000000000   -0.000000000000   -0.000000000000    0.001445323628   -0.000000000000   -0.000000000000    0.000000000000
  -0.000000000000   -0.000000000000   -0.000000000000   -0.000000000000   -0.000000000000   -0.000000000000   -2.719431262826    0.000000000000    0.000000000000   -2.055033864101   -0.000000000000    0.000000000000   -0.456878969867   -0.000000000000    0.000000000000    0.000000000000   -0.000000000000    0.000000000000   -0.005282348478   -0.000000000000    0.000000000000   -0.000000000000   -0.000000000000   -0.001180137825   -0.000000000000    0.000000000000   -0.000000000000   -0.000000000000    0.000000000000   -0.003650858834   -0.000000000000    0.000000000000
   0.000000000000    0.000000000000    0.000000000000    0.000000000000   -0.000000000000   -0.000000000000    0.000000000000   -2.719431262826   -0.000000000000   -0.000000000000   -2.055033864100   -0.000000000000   -0.000000000000   -0.456878969867   -0.000000000000   -0.000000000000   -0.005282348478   -0.000000000000   -0.000000000000   -0.000000000000   -0.000000000000   -0.001180137825    0.000000000000   -0.000000000000   -0.000000000000    0.000000000000    0.000000000000   -0.003650858834   -0.000000000000   -0.000000000000    0.000000000000   -0.000000000000
   0.000119339123    0.000164709752   -0.002878223054   -0.006502974904   -0.007758358996   -0.005066184165    0.000000000000   -0.000000000000   -2.725168516350   -0.000000000000   -0.000000000000   -2.055037241041   -0.000000000000   -0.000000000000   -0.454988344507    0.000000000000    0.000000000000   -0.006383480796   -0.000000000000    0.000000000000    0.000000000000    0.000000000000   -0.001375248847   -0.000000000000    0.000000000000   -0.000000000000   -0.000000000000   -0.000000000000   -0.003568635735    0.000000000000   -0.000000000000   -0.000000000000
  -0.000000000000   -0.000000000000   -0.000000000000   -0.000000000000   -0.000000000000   -0.000000000000   -2.055033864101   -0.000000000000   -0.000000000000   -1.103156212202   -0.000000000000    0.000000000000   -0.323124868817   -0.000000000000    0.000000000000   -0.000000000000    0.000000000000    0.000000000000   -0.008855576241   -0.000000000000   -0.000000000000   -0.000000000000    0.000000000000   -0.005070484709   -0.000000000000    0.000000000000   -0.000000000000   -0.000000000000    0.000000000000   -0.005056970799   -0.000000000000    0.000000000000
  -0.000000000000   -0.000000000000    0.000000000000    0.000000000000    0.000000000000    0.000000000000   -0.000000000000   -2.055033864100   -0.000000000000   -0.000000000000   -1.103156212202    0.000000000000   -0.000000000000   -0.323124868817   -0.000000000000   -0.000000000000   -0.008855576241   -0.000000000000    0.000000000000   -0.000000000000   -0.000000000000   -0.005070484709    0.000000000000   -0.000000000000   -0.000000000000    0.000000000000    0.000000000000   -0.005056970799    0.000000000000   -0.000000000000    0.000000000000   -0.000000000000
  -0.000432092015   -0.001150888354   -0.004469014506   -0.005287397663    0.000402805754    0.006116478251    0.000000000000   -0.000000000000   -2.055037241041    0.000000000000    0.000000000000   -1.122399868483    0.000000000000    0.000000000000   -0.363029025575   -0.000000000000   -0.000000000000   -0.010302750960   -0.000000000000   -0.000000000000   -0.000000000000   -0.000000000000   -0.003585924007   -0.000000000000   -0.000000000000   -0.000000000000   -0.000000000000   -0.000000000000   -0.011037973939    0.000000000000   -0.000000000000   -0.000000000000
  -0.000000000000   -0.000000000000   -0.000000000000   -0.000000000000    0.000000000000   -0.000000000000   -0.456878969867   -0.000000000000   -0.000000000000   -0.323124868817   -0.000000000000    0.000000000000   -0.020264207555    0.000000000000    0.000000000000   -0.000000000000    0.000000000000   -0.000000000000   -0.003066818079    0.000000000000   -0.000000000000    0.000000000000    0.000000000000   -0.004704816104   -0.000000000000   -0.000000000000   -0.000000000000    0.000000000000    0.000000000000   -0.002489257124    0.000000000000   -0.000000000000
  -0.000000000000   -0.000000000000   -0.000000000000    0.000000000000    0.000000000000    0.000000000000   -0.000000000000   -0.456878969867   -0.000000000000   -0.000000000000   -0.323124868817    0.000000000000    0.000000000000   -0.020264207555    0.000000000000   -0.000000000000   -0.003066818079   -0.000000000000    0.000000000000   -0.000000000000   -0.000000000000   -0.004704816104    0.000000000000    0.000000000000    0.000000000000   -0.000000000000    0.000000000000   -0.002489257124    0.000000000000    0.000000000000    0.000000000000    0.000000000000
  -0.000883960441   -0.002430284693   -0.004568429818    0.002935483507    0.023489063554    0.026605396127    0.000000000000   -0.000000000000   -0.454988344507    0.000000000000   -0.000000000000   -0.363029025575    0.000000000000    0.000000000000   -0.372097446746   -0.000000000001   -0.000000000000   -0.003028824047   -0.000000000000   -0.000000000000   -0.000000000000   -0.000000000000   -0.000597491107   -0.000000000000   -0.000000000000    0.000000000000    0.000000000000   -0.000000000000   -0.008676284804   -0.000000000000    0.000000000000   -0.000000000000
   0.000000000000    0.000000000000    0.000000000000   -0.000000000000   -0.000000000001   -0.000000000001    0.000000000000   -0.000000000000    0.000000000000   -0.000000000000   -0.000000000000   -0.000000000000   -0.000000000000   -0.000000000000   -0.000000000001   -0.425699675715    0.000000000000   -0.000000000001   -0.000000000000   -0.000000000000   -0.369320889625    0.000000000000    0.000000000000   -0.000000000000    0.000000000000   -0.000000000000   -0.007747352490    0.000000000000   -0.000000000000   -0.000000000000   -0.000000000000    0.000000000000
  -0.000000000000   -0.000000000000   -0.000000000000   -0.000000000000    0.000000000000    0.000000000000   -0.000000000000   -0.005282348478    0.000000000000    0.000000000000   -0.008855576241   -0.000000000000    0.000000000000   -0.003066818079   -0.000000000000    0.000000000000   -0.429435533918    0.000000000000   -0.000000000000    0.000000000000   -0.000000000000   -0.374781339129   -0.000000000000    0.000000000000    0.000000000000   -0.000000000000   -0.000000000000   -0.010118663629    0.000000000000    0.000000000000    0.000000000000    0.000000000000
  -0.001451969874   -0.003947032731   -0.008798440009   -0.003218776841    0.006965869993    0.006604657478    0.000000000000   -0.000000000000   -0.006383480796    0.000000000000   -0.000000000000   -0.010302750960   -0.000000000000   -0.000000000000   -0.003028824047   -0.000000000001    0.000000000000   -0.424872949169    0.000000000000   -0.000000000000   -0.000000000000    0.000000000000   -0.386064794660    0.000000000000   -0.000000000000    0.000000000000   -0.000000000000    0.000000000000   -0.010918765099   -0.000000000000   -0.000000000000    0.000000000000
   0.000000000000    0.000000000000    0.000000000000   -0.000000000000   -0.000000000000    0.000000000000   -0.005282348478   -0.000000000000   -0.000000000000   -0.008855576241    0.000000000000   -0.000000000000   -0.003066818079    0.000000000000   -0.000000000000   -0.000000000000   -0.000000000000    0.000000000000   -0.429435533918   -0.000000000000   -0.000000000000    0.000000000000   -0.000000000000   -0.374781339129    0.000000000000   -0.000000000000    0.000000000000    0.000000000000    0.000000000000   -0.010118663629   -0.000000000000   -0.000000000000
   0.000000000000    0.000000000000    0.000000000000   -0.000000000000   -0.000000000000   -0.000000000000   -0.000000000000   -0.000000000000    0.000000000000   -0.000000000000   -0.000000000000   -0.000000000000    0.000000000000   -0.000000000000   -0.000000000000   -0.000000000000    0.000000000000   -0.000000000000   -0.000000000000   -0.425699675715    0.000000000000    0.000000000000    0.000000000000   -0.000000000000   -0.369320889625   -0.000000000000   -0.000000000000    0.000000000000   -0.000000000000    0.000000000000   -0.007747352490   -0.000000000000
   0.000000000000    0.000000000000    0.000000000000   -0.000000000000   -0.000000000000   -0.000000000000    0.000000000000   -0.000000000000    0.000000000000   -0.000000000000   -0.000000000000   -0.000000000000   -0.000000000000   -0.000000000000   -0.000000000000   -0.369320889625   -0.000000000000   -0.000000000000   -0.000000000000    0.000000000000    0.225022257027   -0.000000000000    0.000000000000   -0.000000000000    0.000000000000   -0.000000000000   -0.005012539777    0.000000000000   -0.000000000000   -0.000000000000   -0.000000000000    0.000000000000
  -0.000000000000   -0.000000000000   -0.000000000000    0.000000000000    0.000000000000    0.000000000000   -0.000000000000   -0.001180137825    0.000000000000   -0.000000000000   -0.005070484709   -0.000000000000    0.000000000000   -0.004704816104   -0.000000000000    0.000000000000   -0.374781339129    0.000000000000    0.000000000000    0.000000000000   -0.000000000000    0.179095216901   -0.000000000000    0.000000000000    0.000000000000   -0.000000000000   -0.000000000000   -0.006350582968    0.000000000000    0.000000000000    0.000000000000    0.000000000000
   0.000219268697    0.000664336547    0.001378973574   -0.004748290264   -0.074653746928   -0.139231468253   -0.000000000000    0.000000000000   -0.001375248847    0.000000000000    0.000000000000   -0.003585924007    0.000000000000    0.000000000000   -0.000597491107    0.000000000000   -0.000000000000   -0.386064794660   -0.000000000000    0.000000000000    0.000000000000   -0.000000000000    0.013388717448    0.000000000000    0.000000000000    0.000000000000   -0.000000000000    0.000000000000   -0.006701041931   -0.000000000000   -0.000000000000   -0.000000000000
   0.000000000000    0.000000000000   -0.000000000000   -0.000000000000    0.000000000000    0.000000000000   -0.001180137825   -0.000000000000   -0.000000000000   -0.005070484709   -0.000000000000   -0.000000000000   -0.004704816104    0.000000000000   -0.000000000000   -0.000000000000    0.000000000000    0.000000000000   -0.374781339129   -0.000000000000   -0.000000000000    0.000000000000    0.000000000000    0.179095216901    0.000000000000   -0.000000000000    0.000000000000    0.000000000000    0.000000000000   -0.006350582968   -0.000000000000   -0.000000000000
   0.000000000000    0.000000000000    0.000000000000   -0.000000000000   -0.000000000000   -0.000000000000   -0.000000000000   -0.000000000000    0.000000000000   -0.000000000000   -0.000000000000   -0.000000000000   -0.000000000000    0.000000000000   -0.000000000000    0.000000000000    0.000000000000   -0.000000000000    0.000000000000   -0.369320889625    0.000000000000    0.000000000000    0.000000000000    0.000000000000    0.225022257027   -0.000000000000   -0.000000000000    0.000000000000   -0.000000000000    0.000000000000   -0.005012539777   -0.000000000000
   0.000000000000    0.000000000000    0.000000000000    0.000000000000   -0.000000000000   -0.000000000000    0.000000000000    0.000000000000   -0.000000000000    0.000000000000    0.000000000000   -0.000000000000   -0.000000000000   -0.000000000000    0.000000000000   -0.000000000000   -0.000000000000    0.000000000000   -0.000000000000   -0.000000000000   -0.000000000000   -0.000000000000    0.000000000000   -0.000000000000   -0.000000000000    1.840922279938    0.000000000000   -0.000000000000    0.000000000000   -0.000000000000   -0.000000000000   -0.000000000000
   0.000000000000    0.000000000000    0.000000000000    0.000000000000   -0.000000000000   -0.000000000000   -0.000000000000    0.000000000000   -0.000000000000   -0.000000000000    0.000000000000   -0.000000000000   -0.000000000000    0.000000000000    0.000000000000   -0.007747352490   -0.000000000000   -0.000000000000    0.000000000000   -0.000000000000   -0.005012539777   -0.000000000000   -0.000000000000    0.000000000000   -0.000000000000    0.000000000000    1.835219378681    0.000000000000   -0.000000000000   -0.000000000000   -0.000000000000    0.000000000000
   0.000000000000    0.000000000000    0.000000000000   -0.000000000000   -0.000000000000   -0.000000000000   -0.000000000000   -0.003650858834   -0.000000000000   -0.000000000000   -0.005056970799   -0.000000000000    0.000000000000   -0.002489257124   -0.000000000000    0.000000000000   -0.010118663629    0.000000000000    0.000000000000    0.000000000000    0.000000000000   -0.006350582968    0.000000000000    0.000000000000    0.000000000000   -0.000000000000    0.000000000000    1.830031804553   -0.000000000000    0.000000000000    0.000000000000    0.000000000000
  -0.000061993034   -0.000171207018   -0.000370748178    0.000002352624    0.001213434440    0.001445323628    0.000000000000   -0.000000000000   -0.003568635735    0.000000000000    0.000000000000   -0.011037973939    0.000000000000    0.000000000000   -0.008676284804   -0.000000000000    0.000000000000   -0.010918765099    0.000000000000   -0.000000000000   -0.000000000000    0.000000000000   -0.006701041931    0.000000000000   -0.000000000000    0.000000000000   -0.000000000000   -0.000000000000    1.826598753866   -0.000000000000   -0.000000000000    0.000000000000
   0.000000000000    0.000000000000    0.000000000000   -0.000000000000   -0.000000000000   -0.000000000000   -0.003650858834   -0.000000000000    0.000000000000   -0.005056970799   -0.000000000000    0.000000000000   -0.002489257124    0.000000000000   -0.000000000000   -0.000000000000    0.000000000000   -0.000000000000   -0.010118663629    0.000000000000   -0.000000000000    0.000000000000   -0.000000000000   -0.006350582968    0.000000000000   -0.000000000000   -0.000000000000    0.000000000000   -0.000000000000    1.830031804553    0.000000000000   -0.000000000000
   0.000000000000    0.000000000000    0.000000000000    0.000000000000   -0.000000000000   -0.000000000000   -0.000000000000    0.000000000000   -0.000000000000   -0.000000000000    0.000000000000   -0.000000000000    0.000000000000    0.000000000000    0.000000000000   -0.000000000000    0.000000000000   -0.000000000000   -0.000000000000   -0.007747352490   -0.000000000000    0.000000000000   -0.000000000000   -0.000000000000   -0.005012539777   -0.000000000000   -0.000000000000    0.000000000000   -0.000000000000    0.000000000000    1.835219378681    0.000000000000
  -0.000000000000   -0.000000000000   -0.000000000000   -0.000000000000    0.000000000000    0.000000000000    0.000000000000   -0.000000000000   -0.000000000000    0.000000000000   -0.000000000000   -0.000000000000   -0.000000000000    0.000000000000   -0.000000000000    0.000000000000    0.000000000000    0.000000000000   -0.000000000000   -0.000000000000    0.000000000000    0.000000000000   -0.000000000000   -0.000000000000   -0.000000000000   -0.000000000000    0.000000000000    0.000000000000    0.000000000000   -0.000000000000    0.000000000000    1.840922279938
