 166.313395871504  133.307866303638   51.859572816028   28.918770806532    9.931241162741    4.551212957970    0.000000000000    0.000000000000    0.000119633776    0.000000000000    0.000000000000   -0.000432229509    0.000000000000    0.000000000000   -0.000883983343   -0.000000000837   -0.000000000000   -0.001454263608   -0.000000000000   -0.000000001311   -0.000000000287   -0.000000000000    0.000218361837   -0.000000000000   -0.000000000449    0.000000000000   -0.000000000055   -0.000000000000   -0.000062080329   -0.000000000000   -0.000000000087   -0.000000000000
 133.307866303638  111.032948805242   44.356175445469   24.435920223900    8.253452756453    3.766866579529    0.000000000000    0.000000000000    0.000165369266    0.000000000000    0.000000000000   -0.001151527601    0.000000000000    0.000000000000   -0.002430372944   -0.000000002243   -0.000000000000   -0.003953047391   -0.000000000000   -0.000000003513   -0.000000000768   -0.000000000000    0.000662010400   -0.000000000000   -0.000000001203    0.000000000000   -0.000000000222   -0.000000000000   -0.000171539190    0.000000000000   -0.000000000347   -0.000000000000
  51.859572816028   44.356175445469   15.659268209030    6.927066626013    1.412664781354    0.500789196918    0.000000000000    0.000000000000   -0.002877506576    0.000000000000    0.000000000000   -0.004470258194    0.000000000000    0.000000000000   -0.004568100134   -0.000000004252   -0.000000000000   -0.008804982218   -0.000000000000   -0.000000006660   -0.000000001114   -0.000000000000    0.001377407123   -0.000000000000   -0.000000001744    0.000000000000   -0.000000000759   -0.000000000000   -0.000371670222    0.000000000000   -0.000000001188   -0.000000000000
  28.918770806532   24.435920223900    6.927066626013    1.959317818058   -0.471063734147   -0.446603134976    0.000000000000    0.000000000000   -0.006501910151    0.000000000000    0.000000000000   -0.005283421357    0.000000000000    0.000000000000    0.002937331094    0.000000000355    0.000000000000   -0.003205037545   -0.000000000000    0.000000000555    0.000000000937   -0.000000000000   -0.004739035149    0.000000000000    0.000000001467    0.000000000000   -0.000000000311    0.000000000000    0.000002724991    0.000000000000   -0.000000000487   -0.000000000000
   9.931241162741    8.253452756453    1.412664781354   -0.471063734147   -0.972606602356   -0.706371938502    0.000000000000    0.000000000000   -0.007754054353    0.000000000000    0.000000000000    0.000422781072    0.000000000000    0.000000000000    0.023494668972    0.000000009512    0.000000000000    0.007010904182    0.000000000000    0.000000014896    0.000000003730    0.000000000000   -0.074610434836    0.000000000000    0.000000005842    0.000000000000    0.000000001504    0.000000000000    0.001217646095    0.000000000000    0.000000002355    0.000000000000
   4.551212957970    3.766866579529    0.500789196918   -0.446603134976   -0.706371938502   -0.552961147919    0.000000000000    0.000000000000   -0.005061266591    0.000000000000    0.000000000000    0.006132670020    0.000000000000    0.000000000000    0.026602594157    0.000000008473    0.000000000000    0.006640086503    0.000000000000    0.000000013269    0.000000002671    0.000000000000   -0.139188344696   -0.000000000000    0.000000004183   -0.000000000000    0.000000001905    0.000000000000    0.001449358073    0.000000000000    0.000000002983    0.000000000000
   0.000000000000    0.000000000000    0.000000000000    0.000000000000    0.000000000000    0.000000000000   -2.718145795030   -0.000000001191   -0.000000000000   -2.054159875588    0.000000000564   -0.000000000000   -0.456713295930    0.000000000821   -0.000000000000    0.000000000000   -0.000000000794   -0.000000000000   -0.005281869261    0.000000000000    0.000000000000    0.000000001090   -0.000000000000   -0.001180088885    0.000000000000   -0.000000000972   -0.000000000000    0.000000000609   -0.000000000000   -0.003645067223    0.000000000000   -0.000000001548
   0.000000000000    0.000000000000    0.000000000000    0.000000000000    0.000000000000    0.000000000000   -0.000000001191   -2.718145791299    0.000000000000    0.000000000564   -2.054159877355   -0.000000000000    0.000000000821   -0.456713298503   -0.000000000000    0.000000000000   -0.005281866774   -0.000000000000   -0.000000000794   -0.000000000000    0.000000000000   -0.001180092298   -0.000000000000    0.000000001090   -0.000000000000   -0.000000001571    0.000000000000   -0.003645069131    0.000000000000    0.000000000609   -0.000000000000    0.000000001020
   0.000119633776    0.000165369266   -0.002877506576   -0.006501910151   -0.007754054353   -0.005061266591   -0.000000000000    0.000000000000   -2.723877551975    0.000000000000    0.000000000000   -2.054141897770    0.000000000000    0.000000000000   -0.454807942557   -0.000000003187    0.000000000000   -0.006387934252    0.000000000000   -0.000000004991   -0.000000000555    0.000000000000   -0.001371322843    0.000000000000   -0.000000000869   -0.000000000000   -0.000000000196    0.000000000000   -0.003557186561   -0.000000000000   -0.000000000308   -0.000000000000
   0.000000000000    0.000000000000    0.000000000000    0.000000000000    0.000000000000    0.000000000000   -2.054159875588    0.000000000564    0.000000000000   -1.101884295311    0.000000001359   -0.000000000000   -0.322620096162    0.000000000821   -0.000000000000    0.000000000000    0.000000001456   -0.000000000000   -0.008849399429    0.000000000000    0.000000000000    0.000000002263   -0.000000000000   -0.005061698915    0.000000000000   -0.000000000399   -0.000000000000    0.000000000334   -0.000000000000   -0.005040268147    0.000000000000   -0.000000000634
   0.000000000000    0.000000000000    0.000000000000    0.000000000000    0.000000000000    0.000000000000    0.000000000564   -2.054159877355    0.000000000000    0.000000001359   -1.101884299566    0.000000000000    0.000000000821   -0.322620098732   -0.000000000000    0.000000000000   -0.008849403990   -0.000000000000    0.000000001456   -0.000000000000    0.000000000000   -0.005061706002   -0.000000000000    0.000000002263   -0.000000000000   -0.000000000642    0.000000000000   -0.005040269194    0.000000000000    0.000000000334   -0.000000000000    0.000000000417
  -0.000432229509   -0.001151527601   -0.004470258194   -0.005283421357    0.000422781072    0.006132670020   -0.000000000000   -0.000000000000   -2.054141897770   -0.000000000000    0.000000000000   -1.121096174052   -0.000000000000    0.000000000000   -0.362546140967    0.000000007811    0.000000000000   -0.010279294385    0.000000000000    0.000000012232    0.000000004869    0.000000000000   -0.003565667015    0.000000000000    0.000000007625   -0.000000000000   -0.000000000034    0.000000000000   -0.011016632536   -0.000000000000   -0.000000000054    0.000000000000
   0.000000000000    0.000000000000    0.000000000000    0.000000000000    0.000000000000    0.000000000000   -0.456713295930    0.000000000821    0.000000000000   -0.322620096162    0.000000000821   -0.000000000000   -0.019142166943   -0.000000000561    0.000000000000    0.000000000000    0.000000002215    0.000000000000   -0.003059819631    0.000000000000    0.000000000000    0.000000001800   -0.000000000000   -0.004685622194    0.000000000000    0.000000000435   -0.000000000000   -0.000000000135   -0.000000000000   -0.002482184265    0.000000000000    0.000000000687
   0.000000000000    0.000000000000    0.000000000000    0.000000000000    0.000000000000    0.000000000000    0.000000000821   -0.456713298503    0.000000000000    0.000000000821   -0.322620098732    0.000000000000   -0.000000000561   -0.019142165185    0.000000000000    0.000000000000   -0.003059826569    0.000000000000    0.000000002215   -0.000000000000    0.000000000000   -0.004685627833   -0.000000000000    0.000000001800   -0.000000000000    0.000000000693    0.000000000000   -0.002482183842    0.000000000000   -0.000000000135   -0.000000000000   -0.000000000447
  -0.000883983343   -0.002430372944   -0.004568100134    0.002937331094    0.023494668972    0.026602594157   -0.000000000000   -0.000000000000   -0.454807942557   -0.000000000000   -0.000000000000   -0.362546140967    0.000000000000    0.000000000000   -0.371054546462    0.000000012221    0.000000000000   -0.002990539224    0.000000000000    0.000000019139    0.000000007177    0.000000000000   -0.000582678710    0.000000000000    0.000000011240   -0.000000000000    0.000000000013   -0.000000000000   -0.008674065501   -0.000000000000    0.000000000021    0.000000000000
  -0.000000000837   -0.000000002243   -0.000000004252    0.000000000355    0.000000009512    0.000000008473    0.000000000000    0.000000000000   -0.000000003187    0.000000000000    0.000000000000    0.000000007811    0.000000000000    0.000000000000    0.000000012221   -0.424409529492   -0.000000000000    0.000000003669    0.000000000000    0.000000000081   -0.368767815294   -0.000000000000   -0.000000001579   -0.000000000000   -0.000000000037    0.000000000000   -0.007745544328   -0.000000000000    0.000000000467   -0.000000000000   -0.000000000000   -0.000000000000
  -0.000000000000   -0.000000000000   -0.000000000000    0.000000000000    0.000000000000    0.000000000000   -0.000000000794   -0.005281866774    0.000000000000    0.000000001456   -0.008849403990    0.000000000000    0.000000002215   -0.003059826569    0.000000000000   -0.000000000000   -0.428137071608    0.000000000000   -0.000000000391   -0.000000000000   -0.000000000000   -0.374213527674   -0.000000000000   -0.000000000195    0.000000000000    0.000000000350    0.000000000000   -0.010114614708   -0.000000000000   -0.000000000149   -0.000000000000   -0.000000000224
  -0.001454263608   -0.003953047391   -0.008804982218   -0.003205037545    0.007010904182    0.006640086503   -0.000000000000   -0.000000000000   -0.006387934252   -0.000000000000   -0.000000000000   -0.010279294385    0.000000000000    0.000000000000   -0.002990539224    0.000000003669    0.000000000000   -0.423553971817    0.000000000000    0.000000005746    0.000000000616    0.000000000000   -0.385496730832    0.000000000000    0.000000000964    0.000000000000    0.000000000282    0.000000000000   -0.010911250293    0.000000000000    0.000000000441   -0.000000000000
  -0.000000000000   -0.000000000000   -0.000000000000   -0.000000000000    0.000000000000    0.000000000000   -0.005281869261   -0.000000000794    0.000000000000   -0.008849399429    0.000000001456    0.000000000000   -0.003059819631    0.000000002215    0.000000000000    0.000000000000   -0.000000000391    0.000000000000   -0.428137072831   -0.000000000000   -0.000000000000   -0.000000000195   -0.000000000000   -0.374213528286    0.000000000000    0.000000000223    0.000000000000   -0.000000000149   -0.000000000000   -0.010114615174    0.000000000000    0.000000000349
  -0.000000001311   -0.000000003513   -0.000000006660    0.000000000555    0.000000014896    0.000000013269    0.000000000000   -0.000000000000   -0.000000004991    0.000000000000   -0.000000000000    0.000000012232    0.000000000000   -0.000000000000    0.000000019139    0.000000000081   -0.000000000000    0.000000005746   -0.000000000000   -0.424409529417   -0.000000000037   -0.000000000000   -0.000000002472    0.000000000000   -0.368767815329    0.000000000000   -0.000000000000    0.000000000000    0.000000000732   -0.000000000000   -0.007745544328    0.000000000000
  -0.000000000287   -0.000000000768   -0.000000001114    0.000000000937    0.000000003730    0.000000002671    0.000000000000    0.000000000000   -0.000000000555    0.000000000000    0.000000000000    0.000000004869    0.000000000000    0.000000000000    0.000000007177   -0.368767815294   -0.000000000000    0.000000000616   -0.000000000000   -0.000000000037    0.226238266532   -0.000000000000   -0.000000000814   -0.000000000000   -0.000000000062    0.000000000000   -0.005009386961   -0.000000000000   -0.000000000010   -0.000000000000   -0.000000000000   -0.000000000000
  -0.000000000000   -0.000000000000   -0.000000000000   -0.000000000000    0.000000000000    0.000000000000    0.000000001090   -0.001180092298    0.000000000000    0.000000002263   -0.005061706002    0.000000000000    0.000000001800   -0.004685627833    0.000000000000   -0.000000000000   -0.374213527674    0.000000000000   -0.000000000195   -0.000000000000   -0.000000000000    0.180359902740   -0.000000000000   -0.000000001273   -0.000000000000    0.000000001922    0.000000000000   -0.006343197846   -0.000000000000   -0.000000000131   -0.000000000000   -0.000000001228
   0.000218361837    0.000662010400    0.001377407123   -0.004739035149   -0.074610434836   -0.139188344696   -0.000000000000   -0.000000000000   -0.001371322843   -0.000000000000   -0.000000000000   -0.003565667015   -0.000000000000   -0.000000000000   -0.000582678710   -0.000000001579   -0.000000000000   -0.385496730832   -0.000000000000   -0.000000002472   -0.000000000814   -0.000000000000    0.014655343979   -0.000000000000   -0.000000001275    0.000000000000    0.000000001119    0.000000000000   -0.006690812761    0.000000000000    0.000000001752   -0.000000000000
  -0.000000000000   -0.000000000000   -0.000000000000    0.000000000000    0.000000000000   -0.000000000000   -0.001180088885    0.000000001090    0.000000000000   -0.005061698915    0.000000002263    0.000000000000   -0.004685622194    0.000000001800    0.000000000000   -0.000000000000   -0.000000000195    0.000000000000   -0.374213528286    0.000000000000   -0.000000000000   -0.000000001273   -0.000000000000    0.180359898752    0.000000000000    0.000000001227    0.000000000000   -0.000000000131   -0.000000000000   -0.006343198258    0.000000000000    0.000000001922
  -0.000000000449   -0.000000001203   -0.000000001744    0.000000001467    0.000000005842    0.000000004183    0.000000000000   -0.000000000000   -0.000000000869    0.000000000000   -0.000000000000    0.000000007625    0.000000000000   -0.000000000000    0.000000011240   -0.000000000037    0.000000000000    0.000000000964    0.000000000000   -0.368767815329   -0.000000000062   -0.000000000000   -0.000000001275    0.000000000000    0.226238266475    0.000000000000   -0.000000000000    0.000000000000   -0.000000000015   -0.000000000000   -0.005009386961    0.000000000000
   0.000000000000    0.000000000000    0.000000000000    0.000000000000    0.000000000000   -0.000000000000   -0.000000000972   -0.000000001571   -0.000000000000   -0.000000000399   -0.000000000642   -0.000000000000    0.000000000435    0.000000000693   -0.000000000000    0.000000000000    0.000000000350    0.000000000000    0.000000000223    0.000000000000    0.000000000000    0.000000001922    0.000000000000    0.000000001227    0.000000000000    1.842207661441   -0.000000000000    0.000000001548   -0.000000000000    0.000000000987    0.000000000000    0.000000000000
  -0.000000000055   -0.000000000222   -0.000000000759   -0.000000000311    0.000000001504    0.000000001905   -0.000000000000    0.000000000000   -0.000000000196   -0.000000000000    0.000000000000   -0.000000000034   -0.000000000000    0.000000000000    0.000000000013   -0.007745544328    0.000000000000    0.000000000282    0.000000000000   -0.000000000000   -0.005009386961    0.000000000000    0.000000001119    0.000000000000   -0.000000000000   -0.000000000000    1.836517199363   -0.000000000000    0.000000001780    0.000000000000    0.000000000002   -0.000000000000
  -0.000000000000   -0.000000000000   -0.000000000000    0.000000000000    0.000000000000    0.000000000000    0.000000000609   -0.003645069131    0.000000000000    0.000000000334   -0.005040269194    0.000000000000   -0.000000000135   -0.002482183842   -0.000000000000   -0.000000000000   -0.010114614708    0.000000000000   -0.000000000149    0.000000000000   -0.000000000000   -0.006343197846    0.000000000000   -0.000000000131    0.000000000000    0.000000001548   -0.000000000000    1.831338665240    0.000000000000   -0.000000001358   -0.000000000000   -0.000000000989
  -0.000062080329   -0.000171539190   -0.000371670222    0.000002724991    0.001217646095    0.001449358073   -0.000000000000    0.000000000000   -0.003557186561   -0.000000000000    0.000000000000   -0.011016632536   -0.000000000000    0.000000000000   -0.008674065501    0.000000000467   -0.000000000000   -0.010911250293   -0.000000000000    0.000000000732   -0.000000000010   -0.000000000000   -0.006690812761   -0.000000000000   -0.000000000015   -0.000000000000    0.000000001780    0.000000000000    1.827908255884   -0.000000000000    0.000000002788   -0.000000000000
  -0.000000000000    0.000000000000    0.000000000000    0.000000000000    0.000000000000    0.000000000000   -0.003645067223    0.000000000609   -0.000000000000   -0.005040268147    0.000000000334   -0.000000000000   -0.002482184265   -0.000000000135   -0.000000000000   -0.000000000000   -0.000000000149    0.000000000000   -0.010114615174   -0.000000000000   -0.000000000000   -0.000000000131    0.000000000000   -0.006343198258   -0.000000000000    0.000000000987    0.000000000000   -0.000000001358   -0.000000000000    1.831338660987   -0.000000000000    0.000000001547
  -0.000000000087   -0.000000000347   -0.000000001188   -0.000000000487    0.000000002355    0.000000002983    0.000000000000   -0.000000000000   -0.000000000308    0.000000000000   -0.000000000000   -0.000000000054    0.000000000000   -0.000000000000    0.000000000021   -0.000000000000   -0.000000000000    0.000000000441    0.000000000000   -0.007745544328   -0.000000000000   -0.000000000000    0.000000001752    0.000000000000   -0.005009386961    0.000000000000    0.000000000002   -0.000000000000    0.000000002788   -0.000000000000    1.836517199364   -0.000000000000
  -0.000000000000   -0.000000000000   -0.000000000000   -0.000000000000    0.000000000000    0.000000000000   -0.000000001548    0.000000001020   -0.000000000000   -0.000000000634    0.000000000417    0.000000000000    0.000000000687   -0.000000000447    0.000000000000   -0.000000000000   -0.000000000224   -0.000000000000    0.000000000349    0.000000000000   -0.000000000000   -0.000000001228   -0.000000000000    0.000000001922    0.000000000000    0.000000000000   -0.000000000000   -0.000000000989   -0.000000000000    0.000000001547   -0.000000000000    1.842207661441
