 166.312459465400  133.306989835942   51.859122710270   28.918502639955    9.931143698497    4.551167158152    0.000000000000    0.000000000000    0.000119407457    0.000000000000    0.000000000000   -0.000432115696    0.000000000000    0.000000000000   -0.000883943776   -0.000000000000    0.000000000000   -0.001452541815   -0.000000000000    0.000000000000   -0.000000000000    0.000000000000    0.000219045311   -0.000000000000   -0.000000000000    0.000000000000    0.000000000000   -0.000000000000   -0.000062013284   -0.000000000000    0.000000000000   -0.000000000000
 133.306989835942  111.032013325789   44.355550181810   24.435521200251    8.253299288689    3.766792879256    0.000000000000    0.000000000000    0.000164863536    0.000000000000    0.000000000000   -0.001151019044    0.000000000000    0.000000000000   -0.002430245055   -0.000000000000    0.000000000000   -0.003948534624   -0.000000000000    0.000000000000   -0.000000000000   -0.000000000000    0.000663762541   -0.000000000000   -0.000000000000    0.000000000000    0.000000000000   -0.000000000000   -0.000171285545   -0.000000000000    0.000000000000    0.000000000000
  51.859122710270   44.355550181810   15.658333503413    6.926233337686    1.412235471972    0.500569875741    0.000000000000    0.000000000000   -0.002877993338    0.000000000000    0.000000000000   -0.004469215509    0.000000000000    0.000000000000   -0.004568232473   -0.000000000000    0.000000000000   -0.008800135822   -0.000000000000    0.000000000000   -0.000000000000   -0.000000000000    0.001378570529   -0.000000000000    0.000000000000    0.000000000000    0.000000000000   -0.000000000000   -0.000370968774   -0.000000000000    0.000000000000    0.000000000000
  28.918502639955   24.435521200251    6.926233337686    1.958375621092   -0.471718944761   -0.446964964030    0.000000000000    0.000000000000   -0.006502564633    0.000000000000    0.000000000000   -0.005286286970    0.000000000000    0.000000000000    0.002935865115    0.000000000000   -0.000000000000   -0.003215499467    0.000000000000    0.000000000000    0.000000000000   -0.000000000000   -0.004746057066    0.000000000000    0.000000000000    0.000000000000    0.000000000000    0.000000000000    0.000002443671   -0.000000000000   -0.000000000000   -0.000000000000
   9.931143698497    8.253299288689    1.412235471972   -0.471718944761   -0.973507222853   -0.707085306187    0.000000000000    0.000000000000   -0.007757102584    0.000000000000    0.000000000000    0.000407734371    0.000000000000    0.000000000000    0.023489862855    0.000000000000   -0.000000000000    0.006976896424   -0.000000000000    0.000000000000    0.000000000000   -0.000000000000   -0.074643217774    0.000000000000    0.000000000000   -0.000000000000   -0.000000000000    0.000000000000    0.001214448052    0.000000000000   -0.000000000000   -0.000000000000
   4.551167158152    3.766792879256    0.500569875741   -0.446964964030   -0.707085306187   -0.553785295524    0.000000000000    0.000000000000   -0.005064840953    0.000000000000    0.000000000000    0.006120318962    0.000000000000   -0.000000000000    0.026604067003    0.000000000000   -0.000000000000    0.006613368560   -0.000000000000    0.000000000000    0.000000000000   -0.000000000000   -0.139220906498   -0.000000000000   -0.000000000000   -0.000000000000   -0.000000000000    0.000000000000    0.001446287815    0.000000000000   -0.000000000000   -0.000000000000
   0.000000000000    0.000000000000    0.000000000000    0.000000000000    0.000000000000    0.000000000000   -2.719088172785   -0.000000000000   -0.000000000000   -2.054800591871   -0.000000000000    0.000000000000   -0.456834751820    0.000000000000    0.000000000000    0.000000000000    0.000000000000   -0.000000000000   -0.005282104454    0.000000000000    0.000000000000   -0.000000000000   -0.000000000000   -0.001180097461    0.000000000000    0.000000000000    0.000000000000    0.000000000000   -0.000000000000   -0.003649517901    0.000000000000    0.000000000000
   0.000000000000    0.000000000000    0.000000000000    0.000000000000    0.000000000000    0.000000000000   -0.000000000000   -2.719088172785    0.000000000000   -0.000000000000   -2.054800591871   -0.000000000000   -0.000000000000   -0.456834751820   -0.000000000000    0.000000000000   -0.005282104454   -0.000000000000    0.000000000000   -0.000000000000    0.000000000000   -0.001180097461   -0.000000000000   -0.000000000000   -0.000000000000    0.000000000000    0.000000000000   -0.003649517901    0.000000000000   -0.000000000000    0.000000000000    0.000000000000
   0.000119407457    0.000164863536   -0.002877993338   -0.006502564633   -0.007757102584   -0.005064840953   -0.000000000000    0.000000000000   -2.724824167313   -0.000000000000   -0.000000000000   -2.054798831810   -0.000000000000    0.000000000000   -0.454940582484    0.000000000000    0.000000000000   -0.006384435289    0.000000000000   -0.000000000000   -0.000000000000    0.000000000000   -0.001374242247    0.000000000000   -0.000000000000    0.000000000000    0.000000000000    0.000000000000   -0.003565921338   -0.000000000000   -0.000000000000   -0.000000000000
   0.000000000000    0.000000000000    0.000000000000    0.000000000000    0.000000000000    0.000000000000   -2.054800591871   -0.000000000000   -0.000000000000   -1.102816805693   -0.000000000000    0.000000000000   -0.322990119623    0.000000000000    0.000000000000    0.000000000000    0.000000000000   -0.000000000000   -0.008853829538    0.000000000000    0.000000000000   -0.000000000000    0.000000000000   -0.005068178482    0.000000000000    0.000000000000   -0.000000000000    0.000000000000   -0.000000000000   -0.005052997416   -0.000000000000   -0.000000000000
   0.000000000000    0.000000000000    0.000000000000    0.000000000000    0.000000000000    0.000000000000   -0.000000000000   -2.054800591871   -0.000000000000   -0.000000000000   -1.102816805693   -0.000000000000    0.000000000000   -0.322990119623    0.000000000000    0.000000000000   -0.008853829538    0.000000000000   -0.000000000000   -0.000000000000    0.000000000000   -0.005068178482   -0.000000000000   -0.000000000000   -0.000000000000    0.000000000000    0.000000000000   -0.005052997416    0.000000000000   -0.000000000000    0.000000000000   -0.000000000000
  -0.000432115696   -0.001151019044   -0.004469215509   -0.005286286970    0.000407734371    0.006120318962    0.000000000000   -0.000000000000   -2.054798831810    0.000000000000   -0.000000000000   -1.122052748469   -0.000000000000    0.000000000000   -0.362899342964   -0.000000000000    0.000000000000   -0.010296689114    0.000000000000   -0.000000000000   -0.000000000000    0.000000000000   -0.003580820894    0.000000000000   -0.000000000000    0.000000000000    0.000000000000   -0.000000000000   -0.011032870545   -0.000000000000    0.000000000000    0.000000000000
   0.000000000000    0.000000000000    0.000000000000    0.000000000000    0.000000000000    0.000000000000   -0.456834751820   -0.000000000000   -0.000000000000   -0.322990119623    0.000000000000   -0.000000000000   -0.019962991620    0.000000000000    0.000000000000   -0.000000000000   -0.000000000000    0.000000000000   -0.003065022189    0.000000000000   -0.000000000000   -0.000000000000    0.000000000000   -0.004699923710    0.000000000000   -0.000000000000    0.000000000000    0.000000000000    0.000000000000   -0.002487555527   -0.000000000000   -0.000000000000
   0.000000000000    0.000000000000    0.000000000000    0.000000000000    0.000000000000   -0.000000000000    0.000000000000   -0.456834751820    0.000000000000    0.000000000000   -0.322990119623    0.000000000000    0.000000000000   -0.019962991620    0.000000000000    0.000000000000   -0.003065022189    0.000000000000   -0.000000000000   -0.000000000000    0.000000000000   -0.004699923710    0.000000000000   -0.000000000000   -0.000000000000    0.000000000000   -0.000000000000   -0.002487555527   -0.000000000000    0.000000000000    0.000000000000   -0.000000000000
  -0.000883943776   -0.002430245055   -0.004568232473    0.002935865115    0.023489862855    0.026604067003    0.000000000000   -0.000000000000   -0.454940582484    0.000000000000    0.000000000000   -0.362899342964    0.000000000000    0.000000000000   -0.371814434664   -0.000000000000   -0.000000000000   -0.003019289396    0.000000000000    0.000000000000   -0.000000000000   -0.000000000000   -0.000593808790   -0.000000000000   -0.000000000000    0.000000000000    0.000000000000   -0.000000000000   -0.008675728170    0.000000000000    0.000000000000    0.000000000000
  -0.000000000000   -0.000000000000   -0.000000000000    0.000000000000    0.000000000000    0.000000000000    0.000000000000    0.000000000000    0.000000000000    0.000000000000    0.000000000000   -0.000000000000   -0.000000000000    0.000000000000   -0.000000000000   -0.425355319323    0.000000000000    0.000000000000   -0.000000000000    0.000000000000   -0.369173169738   -0.000000000000   -0.000000000000   -0.000000000000   -0.000000000000    0.000000000000   -0.007746704411   -0.000000000000    0.000000000000   -0.000000000000    0.000000000000   -0.000000000000
   0.000000000000    0.000000000000    0.000000000000   -0.000000000000   -0.000000000000   -0.000000000000    0.000000000000   -0.005282104454    0.000000000000    0.000000000000   -0.008853829538    0.000000000000   -0.000000000000   -0.003065022189   -0.000000000000    0.000000000000   -0.429089217800    0.000000000000   -0.000000000000    0.000000000000    0.000000000000   -0.374630094606   -0.000000000000    0.000000000000    0.000000000000    0.000000000000    0.000000000000   -0.010117403206   -0.000000000000   -0.000000000000   -0.000000000000    0.000000000000
  -0.001452541815   -0.003948534624   -0.008800135822   -0.003215499467    0.006976896424    0.006613368560   -0.000000000000   -0.000000000000   -0.006384435289   -0.000000000000    0.000000000000   -0.010296689114    0.000000000000    0.000000000000   -0.003019289396    0.000000000000    0.000000000000   -0.424521558389   -0.000000000000   -0.000000000000   -0.000000000000    0.000000000000   -0.385913507829   -0.000000000000    0.000000000000   -0.000000000000    0.000000000000   -0.000000000000   -0.010916628087    0.000000000000   -0.000000000000    0.000000000000
  -0.000000000000   -0.000000000000   -0.000000000000    0.000000000000   -0.000000000000   -0.000000000000   -0.005282104454    0.000000000000    0.000000000000   -0.008853829538   -0.000000000000    0.000000000000   -0.003065022189   -0.000000000000    0.000000000000   -0.000000000000   -0.000000000000   -0.000000000000   -0.429089217800    0.000000000000    0.000000000000    0.000000000000    0.000000000000   -0.374630094606    0.000000000000    0.000000000000   -0.000000000000    0.000000000000    0.000000000000   -0.010117403206    0.000000000000    0.000000000000
   0.000000000000    0.000000000000    0.000000000000    0.000000000000    0.000000000000    0.000000000000    0.000000000000   -0.000000000000   -0.000000000000    0.000000000000   -0.000000000000   -0.000000000000    0.000000000000   -0.000000000000    0.000000000000    0.000000000000    0.000000000000   -0.000000000000    0.000000000000   -0.425355319323    0.000000000000   -0.000000000000   -0.000000000000   -0.000000000000   -0.369173169738   -0.000000000000   -0.000000000000   -0.000000000000   -0.000000000000   -0.000000000000   -0.007746704411    0.000000000000
  -0.000000000000   -0.000000000000   -0.000000000000    0.000000000000    0.000000000000    0.000000000000    0.000000000000    0.000000000000   -0.000000000000    0.000000000000    0.000000000000   -0.000000000000   -0.000000000000    0.000000000000   -0.000000000000   -0.369173169738    0.000000000000   -0.000000000000    0.000000000000    0.000000000000    0.225347486936   -0.000000000000   -0.000000000000    0.000000000000   -0.000000000000    0.000000000000   -0.005011628283   -0.000000000000    0.000000000000   -0.000000000000    0.000000000000   -0.000000000000
   0.000000000000   -0.000000000000   -0.000000000000   -0.000000000000   -0.000000000000   -0.000000000000   -0.000000000000   -0.001180097461    0.000000000000   -0.000000000000   -0.005068178482    0.000000000000   -0.000000000000   -0.004699923710   -0.000000000000   -0.000000000000   -0.374630094606    0.000000000000    0.000000000000   -0.000000000000   -0.000000000000    0.179432153402   -0.000000000000    0.000000000000    0.000000000000    0.000000000000    0.000000000000   -0.006348590910    0.000000000000   -0.000000000000   -0.000000000000    0.000000000000
   0.000219045311    0.000663762541    0.001378570529   -0.004746057066   -0.074643217774   -0.139220906498   -0.000000000000   -0.000000000000   -0.001374242247    0.000000000000   -0.000000000000   -0.003580820894    0.000000000000    0.000000000000   -0.000593808790   -0.000000000000   -0.000000000000   -0.385913507829    0.000000000000   -0.000000000000   -0.000000000000   -0.000000000000    0.013726174436    0.000000000000    0.000000000000   -0.000000000000    0.000000000000   -0.000000000000   -0.006698338644    0.000000000000   -0.000000000000    0.000000000000
  -0.000000000000   -0.000000000000   -0.000000000000    0.000000000000    0.000000000000   -0.000000000000   -0.001180097461   -0.000000000000    0.000000000000   -0.005068178482   -0.000000000000    0.000000000000   -0.004699923710   -0.000000000000   -0.000000000000   -0.000000000000    0.000000000000   -0.000000000000   -0.374630094606   -0.000000000000    0.000000000000    0.000000000000    0.000000000000    0.179432153402   -0.000000000000    0.000000000000   -0.000000000000    0.000000000000    0.000000000000   -0.006348590910    0.000000000000    0.000000000000
  -0.000000000000   -0.000000000000    0.000000000000    0.000000000000    0.000000000000   -0.000000000000    0.000000000000   -0.000000000000   -0.000000000000    0.000000000000   -0.000000000000   -0.000000000000    0.000000000000   -0.000000000000   -0.000000000000   -0.000000000000    0.000000000000    0.000000000000    0.000000000000   -0.369173169738   -0.000000000000    0.000000000000    0.000000000000   -0.000000000000    0.225347486936   -0.000000000000   -0.000000000000   -0.000000000000    0.000000000000   -0.000000000000   -0.005011628283    0.000000000000
   0.000000000000    0.000000000000    0.000000000000    0.000000000000   -0.000000000000   -0.000000000000    0.000000000000    0.000000000000    0.000000000000    0.000000000000    0.000000000000    0.000000000000   -0.000000000000    0.000000000000    0.000000000000    0.000000000000    0.000000000000   -0.000000000000    0.000000000000   -0.000000000000    0.000000000000    0.000000000000   -0.000000000000    0.000000000000   -0.000000000000    1.841265504408   -0.000000000000   -0.000000000000   -0.000000000000   -0.000000000000   -0.000000000000   -0.000000000000
   0.000000000000    0.000000000000    0.000000000000    0.000000000000   -0.000000000000   -0.000000000000    0.000000000000    0.000000000000    0.000000000000   -0.000000000000    0.000000000000    0.000000000000    0.000000000000   -0.000000000000    0.000000000000   -0.007746704411    0.000000000000    0.000000000000   -0.000000000000   -0.000000000000   -0.005011628283    0.000000000000    0.000000000000   -0.000000000000   -0.000000000000   -0.000000000000    1.835565531208   -0.000000000000   -0.000000000000   -0.000000000000    0.000000000000    0.000000000000
  -0.000000000000   -0.000000000000   -0.000000000000    0.000000000000    0.000000000000    0.000000000000    0.000000000000   -0.003649517901    0.000000000000    0.000000000000   -0.005052997416   -0.000000000000    0.000000000000   -0.002487555527   -0.000000000000   -0.000000000000   -0.010117403206   -0.000000000000    0.000000000000   -0.000000000000   -0.000000000000   -0.006348590910   -0.000000000000    0.000000000000   -0.000000000000   -0.000000000000   -0.000000000000    1.830380092412   -0.000000000000    0.000000000000    0.000000000000   -0.000000000000
  -0.000062013284   -0.000171285545   -0.000370968774    0.000002443671    0.001214448052    0.001446287815   -0.000000000000    0.000000000000   -0.003565921338   -0.000000000000    0.000000000000   -0.011032870545    0.000000000000   -0.000000000000   -0.008675728170    0.000000000000   -0.000000000000   -0.010916628087    0.000000000000   -0.000000000000    0.000000000000    0.000000000000   -0.006698338644    0.000000000000    0.000000000000   -0.000000000000   -0.000000000000   -0.000000000000    1.826947664055   -0.000000000000   -0.000000000000    0.000000000000
  -0.000000000000   -0.000000000000   -0.000000000000   -0.000000000000    0.000000000000    0.000000000000   -0.003649517901   -0.000000000000   -0.000000000000   -0.005052997416   -0.000000000000   -0.000000000000   -0.002487555527    0.000000000000    0.000000000000   -0.000000000000   -0.000000000000    0.000000000000   -0.010117403206   -0.000000000000   -0.000000000000   -0.000000000000    0.000000000000   -0.006348590910   -0.000000000000   -0.000000000000   -0.000000000000    0.000000000000   -0.000000000000    1.830380092412   -0.000000000000    0.000000000000
   0.000000000000    0.000000000000    0.000000000000   -0.000000000000   -0.000000000000   -0.000000000000    0.000000000000    0.000000000000   -0.000000000000   -0.000000000000    0.000000000000    0.000000000000   -0.000000000000    0.000000000000    0.000000000000    0.000000000000   -0.000000000000   -0.000000000000    0.000000000000   -0.007746704411    0.000000000000   -0.000000000000   -0.000000000000    0.000000000000   -0.005011628283   -0.000000000000    0.000000000000    0.000000000000   -0.000000000000   -0.000000000000    1.835565531208    0.000000000000
  -0.000000000000    0.000000000000    0.000000000000   -0.000000000000   -0.000000000000   -0.000000000000    0.000000000000    0.000000000000   -0.000000000000   -0.000000000000   -0.000000000000    0.000000000000   -0.000000000000   -0.000000000000    0.000000000000   -0.000000000000    0.000000000000    0.000000000000    0.000000000000    0.000000000000   -0.000000000000    0.000000000000    0.000000000000    0.000000000000    0.000000000000   -0.000000000000    0.000000000000   -0.000000000000    0.000000000000    0.000000000000    0.000000000000    1.841265504408
