 166.312789571325  133.307297147086   51.859277362289   28.918596643147    9.931184490300    4.551189932150    0.000000000000   -0.000000000000   -0.000119403368    0.000000000000   -0.000000000000    0.000432206576   -0.000000000000    0.000000000000    0.000883985542   -0.000000000000   -0.000000000000   -0.001452245227    0.000000000000    0.000000000000   -0.000000000000   -0.000000000000    0.000219244887    0.000000000000    0.000000000000   -0.000000000000    0.000000000000   -0.000000000000    0.000062038563   -0.000000000000   -0.000000000000   -0.000000000000
 133.307297147086  111.032337433748   44.355759803373   24.435660781224    8.253371102047    3.766836955288    0.000000000000    0.000000000000   -0.000164838736    0.000000000000    0.000000000000    0.001151246741    0.000000000000    0.000000000000    0.002430352303   -0.000000000000   -0.000000000000   -0.003947901657    0.000000000000    0.000000000000   -0.000000000000    0.000000000000    0.000664192810    0.000000000000    0.000000000000   -0.000000000000    0.000000000000   -0.000000000000    0.000171346511   -0.000000000000   -0.000000000000   -0.000000000000
  51.859277362289   44.355759803373   15.658647093791    6.926530515781    1.412419334707    0.500677853650    0.000000000000    0.000000000000    0.002878321472    0.000000000000    0.000000000000    0.004469767485    0.000000000000    0.000000000000    0.004568411452   -0.000000000000    0.000000000000   -0.008803485864    0.000000000000   -0.000000000000   -0.000000000000    0.000000000000    0.001377523058   -0.000000000000   -0.000000000000   -0.000000000000    0.000000000000   -0.000000000000    0.000371060776   -0.000000000000   -0.000000000000   -0.000000000000
  28.918596643147   24.435660781224    6.926530515781    1.958708755705   -0.471513337418   -0.446867144903   -0.000000000000    0.000000000000    0.006503188919   -0.000000000000    0.000000000000    0.005286479780    0.000000000000    0.000000000000   -0.002935867446   -0.000000000000    0.000000000000   -0.003226900936   -0.000000000000   -0.000000000000    0.000000000000    0.000000000000   -0.004751488402   -0.000000000000   -0.000000000000   -0.000000000000    0.000000000000    0.000000000000   -0.000002479051    0.000000000000    0.000000000000   -0.000000000000
   9.931184490300    8.253371102047    1.412419334707   -0.471513337418   -0.973378099581   -0.707032658676   -0.000000000000    0.000000000000    0.007757920058   -0.000000000000    0.000000000000   -0.000408829432    0.000000000000    0.000000000000   -0.023489306796    0.000000000000    0.000000000000    0.006957857480   -0.000000000000   -0.000000000000    0.000000000000    0.000000000000   -0.074659784766   -0.000000000000   -0.000000000000    0.000000000000   -0.000000000000    0.000000000000   -0.001214757305    0.000000000000    0.000000000000   -0.000000000000
   4.551189932150    3.766836955288    0.500677853650   -0.446867144903   -0.707032658676   -0.553721050958   -0.000000000000    0.000000000000    0.005065423295   -0.000000000000    0.000000000000   -0.006120841654    0.000000000000   -0.000000000000   -0.026599863800    0.000000000000    0.000000000000    0.006600916328   -0.000000000000   -0.000000000000    0.000000000000    0.000000000000   -0.139227831492   -0.000000000000   -0.000000000000    0.000000000000   -0.000000000000    0.000000000000   -0.001446492634    0.000000000000    0.000000000000    0.000000000000
   0.000000000000    0.000000000000    0.000000000000   -0.000000000000   -0.000000000000   -0.000000000000   -2.718739496547   -0.000000000000    0.000000000000   -2.054564054632   -0.000000000000   -0.000000000000   -0.456795404665    0.000000000000   -0.000000000000    0.000000000000   -0.000000000000    0.000000000000    0.005282535390   -0.000000000000   -0.000000000000   -0.000000000000   -0.000000000000    0.001180025182   -0.000000000000   -0.000000000000    0.000000000000    0.000000000000   -0.000000000000   -0.003657194784   -0.000000000000    0.000000000000
  -0.000000000000    0.000000000000    0.000000000000    0.000000000000    0.000000000000    0.000000000000   -0.000000000000   -2.718739496547   -0.000000000000    0.000000000000   -2.054564054632    0.000000000000    0.000000000000   -0.456795404665    0.000000000000   -0.000000000000    0.005282535390   -0.000000000000    0.000000000000   -0.000000000000    0.000000000000    0.001180025182    0.000000000000   -0.000000000000   -0.000000000000   -0.000000000000    0.000000000000   -0.003657194784    0.000000000000    0.000000000000    0.000000000000    0.000000000000
  -0.000119403368   -0.000164838736    0.002878321472    0.006503188919    0.007757920058    0.005065423295    0.000000000000   -0.000000000000   -2.724483156112    0.000000000000   -0.000000000000   -2.054576750323    0.000000000000   -0.000000000000   -0.454911470089    0.000000000000    0.000000000000    0.006384555731    0.000000000000   -0.000000000000    0.000000000000    0.000000000000    0.001374249495    0.000000000000   -0.000000000000    0.000000000000   -0.000000000000    0.000000000000   -0.003575597750   -0.000000000000    0.000000000000   -0.000000000000
   0.000000000000    0.000000000000    0.000000000000   -0.000000000000   -0.000000000000   -0.000000000000   -2.054564054632    0.000000000000    0.000000000000   -1.102499843219    0.000000000000   -0.000000000000   -0.322888355606    0.000000000000   -0.000000000000    0.000000000000   -0.000000000000    0.000000000000    0.008854650341    0.000000000000    0.000000000000   -0.000000000000   -0.000000000000    0.005068262207    0.000000000000   -0.000000000000    0.000000000000    0.000000000000   -0.000000000000   -0.005067517163   -0.000000000000   -0.000000000000
  -0.000000000000    0.000000000000    0.000000000000    0.000000000000    0.000000000000    0.000000000000   -0.000000000000   -2.054564054632   -0.000000000000    0.000000000000   -1.102499843219    0.000000000000    0.000000000000   -0.322888355606    0.000000000000   -0.000000000000    0.008854650341    0.000000000000   -0.000000000000   -0.000000000000    0.000000000000    0.005068262207    0.000000000000   -0.000000000000    0.000000000000    0.000000000000    0.000000000000   -0.005067517163    0.000000000000    0.000000000000   -0.000000000000    0.000000000000
   0.000432206576    0.001151246741    0.004469767485    0.005286479780   -0.000408829432   -0.006120841654   -0.000000000000    0.000000000000   -2.054576750323   -0.000000000000    0.000000000000   -1.121753067068   -0.000000000000    0.000000000000   -0.362765796406   -0.000000000000   -0.000000000000    0.010298974925   -0.000000000000    0.000000000000   -0.000000000000    0.000000000000    0.003582225829   -0.000000000000    0.000000000000    0.000000000000   -0.000000000000    0.000000000000   -0.011049187111   -0.000000000000   -0.000000000000   -0.000000000000
  -0.000000000000    0.000000000000    0.000000000000    0.000000000000    0.000000000000    0.000000000000   -0.456795404665    0.000000000000    0.000000000000   -0.322888355606    0.000000000000   -0.000000000000   -0.019768993984   -0.000000000000    0.000000000000   -0.000000000000   -0.000000000000    0.000000000000    0.003065845364    0.000000000000    0.000000000000   -0.000000000000   -0.000000000000    0.004700285022    0.000000000000    0.000000000000   -0.000000000000    0.000000000000   -0.000000000000   -0.002492318805    0.000000000000   -0.000000000000
   0.000000000000    0.000000000000    0.000000000000    0.000000000000    0.000000000000   -0.000000000000    0.000000000000   -0.456795404665   -0.000000000000    0.000000000000   -0.322888355606    0.000000000000   -0.000000000000   -0.019768993984   -0.000000000000   -0.000000000000    0.003065845364    0.000000000000   -0.000000000000    0.000000000000   -0.000000000000    0.004700285022    0.000000000000   -0.000000000000    0.000000000000    0.000000000000    0.000000000000   -0.002492318805   -0.000000000000   -0.000000000000   -0.000000000000   -0.000000000000
   0.000883985542    0.002430352303    0.004568411452   -0.002935867446   -0.023489306796   -0.026599863800   -0.000000000000    0.000000000000   -0.454911470089   -0.000000000000    0.000000000000   -0.362765796406    0.000000000000   -0.000000000000   -0.371485855360   -0.000000000000   -0.000000000000    0.003022811779   -0.000000000000    0.000000000000   -0.000000000000    0.000000000000    0.000599028197   -0.000000000000    0.000000000000    0.000000000000    0.000000000000    0.000000000000   -0.008675627016    0.000000000000   -0.000000000000    0.000000000000
  -0.000000000000   -0.000000000000   -0.000000000000   -0.000000000000    0.000000000000    0.000000000000    0.000000000000   -0.000000000000    0.000000000000    0.000000000000   -0.000000000000   -0.000000000000   -0.000000000000   -0.000000000000   -0.000000000000   -0.424994056604    0.000000000000    0.000000000000    0.000000000000    0.000000000000   -0.369032761356   -0.000000000000   -0.000000000000    0.000000000000    0.000000000000    0.000000000000    0.007747185800    0.000000000000   -0.000000000000   -0.000000000000    0.000000000000   -0.000000000000
  -0.000000000000   -0.000000000000    0.000000000000    0.000000000000    0.000000000000    0.000000000000   -0.000000000000    0.005282535390    0.000000000000   -0.000000000000    0.008854650341   -0.000000000000   -0.000000000000    0.003065845364   -0.000000000000    0.000000000000   -0.428736184641    0.000000000000   -0.000000000000    0.000000000000   -0.000000000000   -0.374500574026    0.000000000000    0.000000000000   -0.000000000000   -0.000000000000    0.000000000000    0.010118176221   -0.000000000000    0.000000000000   -0.000000000000    0.000000000000
  -0.001452245227   -0.003947901657   -0.008803485864   -0.003226900936    0.006957857480    0.006600916328    0.000000000000   -0.000000000000    0.006384555731    0.000000000000    0.000000000000    0.010298974925    0.000000000000    0.000000000000    0.003022811779    0.000000000000    0.000000000000   -0.424167111528   -0.000000000000    0.000000000000    0.000000000000   -0.000000000000   -0.385786633093    0.000000000000   -0.000000000000    0.000000000000    0.000000000000    0.000000000000    0.010917849498   -0.000000000000    0.000000000000   -0.000000000000
   0.000000000000    0.000000000000    0.000000000000   -0.000000000000   -0.000000000000   -0.000000000000    0.005282535390    0.000000000000    0.000000000000    0.008854650341   -0.000000000000   -0.000000000000    0.003065845364   -0.000000000000   -0.000000000000    0.000000000000   -0.000000000000   -0.000000000000   -0.428736184641   -0.000000000000   -0.000000000000   -0.000000000000   -0.000000000000   -0.374500574026   -0.000000000000   -0.000000000000    0.000000000000   -0.000000000000   -0.000000000000    0.010118176221    0.000000000000    0.000000000000
   0.000000000000    0.000000000000   -0.000000000000   -0.000000000000   -0.000000000000   -0.000000000000   -0.000000000000   -0.000000000000   -0.000000000000    0.000000000000   -0.000000000000    0.000000000000    0.000000000000    0.000000000000    0.000000000000    0.000000000000    0.000000000000    0.000000000000   -0.000000000000   -0.424994056604    0.000000000000    0.000000000000    0.000000000000    0.000000000000   -0.369032761356    0.000000000000    0.000000000000    0.000000000000   -0.000000000000   -0.000000000000    0.007747185800    0.000000000000
  -0.000000000000   -0.000000000000   -0.000000000000    0.000000000000    0.000000000000    0.000000000000   -0.000000000000    0.000000000000    0.000000000000    0.000000000000    0.000000000000   -0.000000000000    0.000000000000   -0.000000000000   -0.000000000000   -0.369032761356   -0.000000000000    0.000000000000   -0.000000000000    0.000000000000    0.225624168111   -0.000000000000    0.000000000000    0.000000000000    0.000000000000    0.000000000000    0.005011969834    0.000000000000   -0.000000000000   -0.000000000000   -0.000000000000   -0.000000000000
  -0.000000000000    0.000000000000    0.000000000000    0.000000000000    0.000000000000    0.000000000000   -0.000000000000    0.001180025182    0.000000000000   -0.000000000000    0.005068262207    0.000000000000   -0.000000000000    0.004700285022    0.000000000000   -0.000000000000   -0.374500574026   -0.000000000000   -0.000000000000    0.000000000000   -0.000000000000    0.179679190108   -0.000000000000   -0.000000000000   -0.000000000000    0.000000000000    0.000000000000    0.006349268002   -0.000000000000   -0.000000000000    0.000000000000    0.000000000000
   0.000219244887    0.000664192810    0.001377523058   -0.004751488402   -0.074659784766   -0.139227831492   -0.000000000000    0.000000000000    0.001374249495   -0.000000000000    0.000000000000    0.003582225829   -0.000000000000    0.000000000000    0.000599028197   -0.000000000000    0.000000000000   -0.385786633093   -0.000000000000    0.000000000000    0.000000000000   -0.000000000000    0.013977980583    0.000000000000   -0.000000000000    0.000000000000   -0.000000000000    0.000000000000    0.006699441365   -0.000000000000    0.000000000000    0.000000000000
   0.000000000000    0.000000000000   -0.000000000000   -0.000000000000   -0.000000000000   -0.000000000000    0.001180025182   -0.000000000000    0.000000000000    0.005068262207   -0.000000000000   -0.000000000000    0.004700285022   -0.000000000000   -0.000000000000    0.000000000000    0.000000000000    0.000000000000   -0.374500574026    0.000000000000    0.000000000000   -0.000000000000    0.000000000000    0.179679190108    0.000000000000   -0.000000000000    0.000000000000    0.000000000000   -0.000000000000    0.006349268002    0.000000000000    0.000000000000
   0.000000000000    0.000000000000   -0.000000000000   -0.000000000000   -0.000000000000   -0.000000000000   -0.000000000000   -0.000000000000   -0.000000000000    0.000000000000    0.000000000000    0.000000000000    0.000000000000    0.000000000000    0.000000000000    0.000000000000   -0.000000000000   -0.000000000000   -0.000000000000   -0.369032761356    0.000000000000   -0.000000000000   -0.000000000000    0.000000000000    0.225624168111    0.000000000000    0.000000000000    0.000000000000   -0.000000000000   -0.000000000000    0.005011969834    0.000000000000
  -0.000000000000   -0.000000000000   -0.000000000000   -0.000000000000    0.000000000000    0.000000000000   -0.000000000000   -0.000000000000    0.000000000000   -0.000000000000    0.000000000000    0.000000000000    0.000000000000    0.000000000000    0.000000000000    0.000000000000   -0.000000000000    0.000000000000   -0.000000000000    0.000000000000    0.000000000000    0.000000000000    0.000000000000   -0.000000000000    0.000000000000    1.841630226637   -0.000000000000    0.000000000000   -0.000000000000    0.000000000000    0.000000000000    0.000000000000
   0.000000000000    0.000000000000    0.000000000000    0.000000000000   -0.000000000000   -0.000000000000    0.000000000000    0.000000000000   -0.000000000000    0.000000000000    0.000000000000   -0.000000000000   -0.000000000000    0.000000000000    0.000000000000    0.007747185800    0.000000000000    0.000000000000    0.000000000000    0.000000000000    0.005011969834    0.000000000000   -0.000000000000    0.000000000000    0.000000000000   -0.000000000000    1.835917887164   -0.000000000000    0.000000000000    0.000000000000    0.000000000000   -0.000000000000
  -0.000000000000   -0.000000000000   -0.000000000000    0.000000000000    0.000000000000    0.000000000000    0.000000000000   -0.003657194784    0.000000000000    0.000000000000   -0.005067517163    0.000000000000    0.000000000000   -0.002492318805    0.000000000000    0.000000000000    0.010118176221    0.000000000000   -0.000000000000    0.000000000000    0.000000000000    0.006349268002    0.000000000000    0.000000000000    0.000000000000    0.000000000000   -0.000000000000    1.830723945409    0.000000000000   -0.000000000000   -0.000000000000   -0.000000000000
   0.000062038563    0.000171346511    0.000371060776   -0.000002479051   -0.001214757305   -0.001446492634   -0.000000000000    0.000000000000   -0.003575597750   -0.000000000000    0.000000000000   -0.011049187111   -0.000000000000   -0.000000000000   -0.008675627016   -0.000000000000   -0.000000000000    0.010917849498   -0.000000000000   -0.000000000000   -0.000000000000   -0.000000000000    0.006699441365   -0.000000000000   -0.000000000000   -0.000000000000    0.000000000000    0.000000000000    1.827288816170   -0.000000000000    0.000000000000    0.000000000000
  -0.000000000000   -0.000000000000   -0.000000000000    0.000000000000    0.000000000000    0.000000000000   -0.003657194784    0.000000000000   -0.000000000000   -0.005067517163    0.000000000000   -0.000000000000   -0.002492318805   -0.000000000000    0.000000000000   -0.000000000000    0.000000000000   -0.000000000000    0.010118176221   -0.000000000000   -0.000000000000   -0.000000000000   -0.000000000000    0.006349268002   -0.000000000000    0.000000000000    0.000000000000   -0.000000000000   -0.000000000000    1.830723945409   -0.000000000000   -0.000000000000
  -0.000000000000   -0.000000000000   -0.000000000000    0.000000000000    0.000000000000    0.000000000000   -0.000000000000    0.000000000000    0.000000000000   -0.000000000000   -0.000000000000   -0.000000000000    0.000000000000   -0.000000000000   -0.000000000000    0.000000000000   -0.000000000000    0.000000000000    0.000000000000    0.007747185800   -0.000000000000    0.000000000000    0.000000000000    0.000000000000    0.005011969834    0.000000000000    0.000000000000   -0.000000000000    0.000000000000   -0.000000000000    1.835917887164   -0.000000000000
  -0.000000000000   -0.000000000000   -0.000000000000   -0.000000000000   -0.000000000000    0.000000000000    0.000000000000    0.000000000000   -0.000000000000   -0.000000000000    0.000000000000   -0.000000000000   -0.000000000000   -0.000000000000    0.000000000000   -0.000000000000    0.000000000000   -0.000000000000    0.000000000000    0.000000000000   -0.000000000000    0.000000000000    0.000000000000    0.000000000000    0.000000000000    0.000000000000   -0.000000000000   -0.000000000000    0.000000000000   -0.000000000000   -0.000000000000    1.841630226637
