 166.314958339801  133.309328639502   51.860323557198   28.919218215575    9.931404243231    4.551289831794   -0.000000000000    0.000000000000    0.000120189119   -0.000000000000    0.000000000000   -0.000432903942   -0.000000000000    0.000000000000   -0.000885006599   -0.000000000000    0.000000000000   -0.001457374346    0.000000000000   -0.000000000000   -0.000000000000    0.000000000000    0.000217055310    0.000000000000   -0.000000000000   -0.000000000000   -0.000000000000    0.000000000000   -0.000062273136    0.000000000000   -0.000000000000   -0.000000000000
 133.309328639502  111.034509310563   44.357217940628   24.436585923572    8.253710104720    3.766990820107   -0.000000000000    0.000000000000    0.000166494318   -0.000000000000    0.000000000000   -0.001153724352   -0.000000000000    0.000000000000   -0.002433223208   -0.000000000000    0.000000000000   -0.003961184362    0.000000000000   -0.000000000000   -0.000000000000    0.000000000000    0.000658660543    0.000000000000   -0.000000000000   -0.000000000000   -0.000000000000    0.000000000000   -0.000172200948    0.000000000000    0.000000000000   -0.000000000000
  51.860323557198   44.357217940628   15.660827002317    6.928457989657    1.413384205989    0.501157783569   -0.000000000000   -0.000000000000   -0.002879657400   -0.000000000000   -0.000000000000   -0.004476963115   -0.000000000000    0.000000000000   -0.004572714824   -0.000000000000    0.000000000000   -0.008813209882    0.000000000000   -0.000000000000   -0.000000000000   -0.000000000000    0.001375182077   -0.000000000000    0.000000000000   -0.000000000000   -0.000000000000   -0.000000000000   -0.000373384892    0.000000000000    0.000000000000    0.000000000000
  28.919218215575   24.436585923572    6.928457989657    1.960891800873   -0.469970415270   -0.446000508182   -0.000000000000   -0.000000000000   -0.006507474304   -0.000000000000   -0.000000000000   -0.005283338957   -0.000000000000   -0.000000000000    0.002943404945   -0.000000000000   -0.000000000000   -0.003184919899   -0.000000000000   -0.000000000000   -0.000000000000   -0.000000000000   -0.004725428742   -0.000000000000    0.000000000000    0.000000000000   -0.000000000000   -0.000000000000    0.000003289951    0.000000000000    0.000000000000    0.000000000000
   9.931404243231    8.253710104720    1.413384205989   -0.469970415270   -0.971117103210   -0.705199587389   -0.000000000000   -0.000000000000   -0.007756197215   -0.000000000000   -0.000000000000    0.000452732442   -0.000000000000   -0.000000000000    0.023529854289   -0.000000000000   -0.000000000000    0.007073782530   -0.000000000000    0.000000000000   -0.000000000000    0.000000000000   -0.074546292645    0.000000000000    0.000000000000    0.000000000000    0.000000000000    0.000000000000    0.001225095201   -0.000000000000    0.000000000000    0.000000000000
   4.551289831794    3.766990820107    0.501157783569   -0.446000508182   -0.705199587389   -0.551618537217   -0.000000000000    0.000000000000   -0.005059579089   -0.000000000000   -0.000000000000    0.006163477198   -0.000000000000    0.000000000000    0.026629058545   -0.000000000000   -0.000000000000    0.006689046758   -0.000000000000    0.000000000000   -0.000000000000    0.000000000000   -0.139123821758    0.000000000000    0.000000000000    0.000000000000    0.000000000000    0.000000000000    0.001456820924   -0.000000000000    0.000000000000    0.000000000000
  -0.000000000000   -0.000000000000   -0.000000000000   -0.000000000000   -0.000000000000   -0.000000000000   -2.716571223624    0.000000000000   -0.000000000000   -2.053089388657    0.000000000000   -0.000000000000   -0.456511057812   -0.000000000000   -0.000000000000   -0.000000000000   -0.000000000000    0.000000000000   -0.005287004219   -0.000000000000    0.000000000000   -0.000000000000    0.000000000000   -0.001181259611   -0.000000000000   -0.000000000000   -0.000000000000    0.000000000000    0.000000000000   -0.003636275671   -0.000000000000   -0.000000000000
   0.000000000000    0.000000000000   -0.000000000000   -0.000000000000   -0.000000000000    0.000000000000    0.000000000000   -2.716571223624   -0.000000000000   -0.000000000000   -2.053089388657   -0.000000000000   -0.000000000000   -0.456511057812   -0.000000000000   -0.000000000000   -0.005287004219   -0.000000000000    0.000000000000    0.000000000000   -0.000000000000   -0.001181259611    0.000000000000   -0.000000000000   -0.000000000000    0.000000000000    0.000000000000   -0.003636275671   -0.000000000000    0.000000000000   -0.000000000000    0.000000000000
   0.000120189119    0.000166494318   -0.002879657400   -0.006507474304   -0.007756197215   -0.005059579089   -0.000000000000   -0.000000000000   -2.722294302305   -0.000000000000   -0.000000000000   -2.053040455069   -0.000000000000   -0.000000000000   -0.454584543124    0.000000000000   -0.000000000000   -0.006401290804   -0.000000000000   -0.000000000000    0.000000000000    0.000000000000   -0.001367103861   -0.000000000000   -0.000000000000   -0.000000000000    0.000000000000   -0.000000000000   -0.003540072811   -0.000000000000    0.000000000000   -0.000000000000
  -0.000000000000   -0.000000000000   -0.000000000000   -0.000000000000   -0.000000000000   -0.000000000000   -2.053089388657   -0.000000000000   -0.000000000000   -1.100329293307   -0.000000000000   -0.000000000000   -0.322006988369   -0.000000000000   -0.000000000000   -0.000000000000    0.000000000000    0.000000000000   -0.008849803935   -0.000000000000   -0.000000000000    0.000000000000    0.000000000000   -0.005054122404   -0.000000000000   -0.000000000000   -0.000000000000    0.000000000000    0.000000000000   -0.005015723793   -0.000000000000   -0.000000000000
   0.000000000000    0.000000000000   -0.000000000000   -0.000000000000   -0.000000000000   -0.000000000000    0.000000000000   -2.053089388657   -0.000000000000   -0.000000000000   -1.100329293307   -0.000000000000   -0.000000000000   -0.322006988369    0.000000000000   -0.000000000000   -0.008849803935    0.000000000000    0.000000000000    0.000000000000   -0.000000000000   -0.005054122404    0.000000000000   -0.000000000000    0.000000000000    0.000000000000    0.000000000000   -0.005015723793    0.000000000000    0.000000000000   -0.000000000000    0.000000000000
  -0.000432903942   -0.001153724352   -0.004476963115   -0.005283338957    0.000452732442    0.006163477198   -0.000000000000   -0.000000000000   -2.053040455069   -0.000000000000   -0.000000000000   -1.119495588023   -0.000000000000   -0.000000000000   -0.361965077547    0.000000000000    0.000000000000   -0.010256380645   -0.000000000000    0.000000000000    0.000000000000    0.000000000000   -0.003539668458   -0.000000000000    0.000000000000   -0.000000000000   -0.000000000000   -0.000000000000   -0.010985332222   -0.000000000000    0.000000000000   -0.000000000000
  -0.000000000000   -0.000000000000   -0.000000000000   -0.000000000000   -0.000000000000   -0.000000000000   -0.456511057812   -0.000000000000   -0.000000000000   -0.322006988369   -0.000000000000   -0.000000000000   -0.017807303478   -0.000000000000    0.000000000000   -0.000000000000    0.000000000000   -0.000000000000   -0.003052645285   -0.000000000000   -0.000000000000    0.000000000000    0.000000000000   -0.004662234741   -0.000000000000   -0.000000000000   -0.000000000000   -0.000000000000    0.000000000000   -0.002471968309   -0.000000000000    0.000000000000
   0.000000000000    0.000000000000    0.000000000000   -0.000000000000   -0.000000000000    0.000000000000   -0.000000000000   -0.456511057812   -0.000000000000   -0.000000000000   -0.322006988369   -0.000000000000   -0.000000000000   -0.017807303478    0.000000000000   -0.000000000000   -0.003052645285    0.000000000000   -0.000000000000    0.000000000000   -0.000000000000   -0.004662234741    0.000000000000   -0.000000000000    0.000000000000   -0.000000000000   -0.000000000000   -0.002471968309   -0.000000000000   -0.000000000000    0.000000000000    0.000000000000
  -0.000885006599   -0.002433223208   -0.004572714824    0.002943404945    0.023529854289    0.026629058545   -0.000000000000   -0.000000000000   -0.454584543124   -0.000000000000    0.000000000000   -0.361965077547    0.000000000000    0.000000000000   -0.369833601705    0.000000000000    0.000000000000   -0.002937964591   -0.000000000000    0.000000000000    0.000000000000    0.000000000000   -0.000560529940   -0.000000000000    0.000000000000    0.000000000000   -0.000000000000    0.000000000000   -0.008671028812   -0.000000000000   -0.000000000000    0.000000000000
  -0.000000000000   -0.000000000000   -0.000000000000   -0.000000000000   -0.000000000000   -0.000000000000   -0.000000000000   -0.000000000000    0.000000000000   -0.000000000000   -0.000000000000    0.000000000000   -0.000000000000   -0.000000000000    0.000000000000   -0.422827967353    0.000000000000    0.000000000000   -0.000000000000   -0.000000000000   -0.368093199425   -0.000000000000    0.000000000000   -0.000000000000   -0.000000000000   -0.000000000000   -0.007751281324    0.000000000000   -0.000000000000    0.000000000000    0.000000000000    0.000000000000
   0.000000000000    0.000000000000    0.000000000000   -0.000000000000   -0.000000000000   -0.000000000000   -0.000000000000   -0.005287004219   -0.000000000000    0.000000000000   -0.008849803935    0.000000000000    0.000000000000   -0.003052645285    0.000000000000    0.000000000000   -0.426542846155   -0.000000000000    0.000000000000   -0.000000000000   -0.000000000000   -0.373517259303   -0.000000000000   -0.000000000000    0.000000000000    0.000000000000   -0.000000000000   -0.010119618209   -0.000000000000   -0.000000000000   -0.000000000000   -0.000000000000
  -0.001457374346   -0.003961184362   -0.008813209882   -0.003184919899    0.007073782530    0.006689046758    0.000000000000   -0.000000000000   -0.006401290804    0.000000000000    0.000000000000   -0.010256380645   -0.000000000000    0.000000000000   -0.002937964591    0.000000000000   -0.000000000000   -0.421929862515   -0.000000000000    0.000000000000    0.000000000000    0.000000000000   -0.384800165008   -0.000000000000   -0.000000000000    0.000000000000    0.000000000000   -0.000000000000   -0.010912095840   -0.000000000000   -0.000000000000   -0.000000000000
   0.000000000000    0.000000000000    0.000000000000   -0.000000000000   -0.000000000000   -0.000000000000   -0.005287004219    0.000000000000   -0.000000000000   -0.008849803935    0.000000000000   -0.000000000000   -0.003052645285   -0.000000000000   -0.000000000000   -0.000000000000    0.000000000000   -0.000000000000   -0.426542846155   -0.000000000000   -0.000000000000   -0.000000000000    0.000000000000   -0.373517259303   -0.000000000000    0.000000000000    0.000000000000    0.000000000000   -0.000000000000   -0.010119618209   -0.000000000000    0.000000000000
  -0.000000000000   -0.000000000000   -0.000000000000   -0.000000000000    0.000000000000    0.000000000000   -0.000000000000    0.000000000000   -0.000000000000   -0.000000000000    0.000000000000    0.000000000000   -0.000000000000    0.000000000000    0.000000000000   -0.000000000000   -0.000000000000    0.000000000000   -0.000000000000   -0.422827967353   -0.000000000000    0.000000000000   -0.000000000000    0.000000000000   -0.368093199425    0.000000000000    0.000000000000    0.000000000000   -0.000000000000    0.000000000000   -0.007751281324   -0.000000000000
  -0.000000000000   -0.000000000000   -0.000000000000   -0.000000000000   -0.000000000000   -0.000000000000    0.000000000000   -0.000000000000    0.000000000000   -0.000000000000   -0.000000000000    0.000000000000   -0.000000000000   -0.000000000000    0.000000000000   -0.368093199425   -0.000000000000    0.000000000000   -0.000000000000   -0.000000000000    0.227710633693   -0.000000000000   -0.000000000000   -0.000000000000   -0.000000000000   -0.000000000000   -0.005010145768    0.000000000000   -0.000000000000    0.000000000000   -0.000000000000    0.000000000000
   0.000000000000    0.000000000000   -0.000000000000   -0.000000000000    0.000000000000    0.000000000000   -0.000000000000   -0.001181259611    0.000000000000    0.000000000000   -0.005054122404    0.000000000000    0.000000000000   -0.004662234741    0.000000000000   -0.000000000000   -0.373517259303    0.000000000000   -0.000000000000    0.000000000000   -0.000000000000    0.181903859416    0.000000000000   -0.000000000000    0.000000000000    0.000000000000   -0.000000000000   -0.006339228087   -0.000000000000   -0.000000000000   -0.000000000000   -0.000000000000
   0.000217055310    0.000658660543    0.001375182077   -0.004725428742   -0.074546292645   -0.139123821758    0.000000000000    0.000000000000   -0.001367103861    0.000000000000    0.000000000000   -0.003539668458    0.000000000000    0.000000000000   -0.000560529940    0.000000000000   -0.000000000000   -0.384800165008    0.000000000000   -0.000000000000   -0.000000000000    0.000000000000    0.016202828626   -0.000000000000   -0.000000000000    0.000000000000   -0.000000000000    0.000000000000   -0.006683058200   -0.000000000000   -0.000000000000   -0.000000000000
   0.000000000000    0.000000000000   -0.000000000000   -0.000000000000    0.000000000000    0.000000000000   -0.001181259611   -0.000000000000   -0.000000000000   -0.005054122404   -0.000000000000   -0.000000000000   -0.004662234741   -0.000000000000   -0.000000000000   -0.000000000000   -0.000000000000   -0.000000000000   -0.373517259303    0.000000000000   -0.000000000000   -0.000000000000   -0.000000000000    0.181903859416   -0.000000000000    0.000000000000    0.000000000000    0.000000000000   -0.000000000000   -0.006339228087   -0.000000000000    0.000000000000
  -0.000000000000   -0.000000000000    0.000000000000    0.000000000000    0.000000000000    0.000000000000   -0.000000000000   -0.000000000000   -0.000000000000   -0.000000000000    0.000000000000    0.000000000000   -0.000000000000    0.000000000000    0.000000000000   -0.000000000000    0.000000000000   -0.000000000000   -0.000000000000   -0.368093199425   -0.000000000000    0.000000000000   -0.000000000000   -0.000000000000    0.227710633693    0.000000000000    0.000000000000    0.000000000000   -0.000000000000    0.000000000000   -0.005010145768   -0.000000000000
  -0.000000000000   -0.000000000000   -0.000000000000    0.000000000000    0.000000000000    0.000000000000   -0.000000000000    0.000000000000   -0.000000000000   -0.000000000000    0.000000000000   -0.000000000000   -0.000000000000   -0.000000000000    0.000000000000   -0.000000000000    0.000000000000    0.000000000000    0.000000000000    0.000000000000   -0.000000000000    0.000000000000    0.000000000000    0.000000000000    0.000000000000    1.843781929096   -0.000000000000    0.000000000000    0.000000000000    0.000000000000   -0.000000000000   -0.000000000000
  -0.000000000000   -0.000000000000   -0.000000000000   -0.000000000000    0.000000000000    0.000000000000   -0.000000000000    0.000000000000    0.000000000000   -0.000000000000    0.000000000000   -0.000000000000   -0.000000000000   -0.000000000000   -0.000000000000   -0.007751281324   -0.000000000000    0.000000000000    0.000000000000    0.000000000000   -0.005010145768   -0.000000000000   -0.000000000000    0.000000000000    0.000000000000   -0.000000000000    1.838110230743   -0.000000000000    0.000000000000   -0.000000000000   -0.000000000000    0.000000000000
   0.000000000000    0.000000000000   -0.000000000000   -0.000000000000    0.000000000000    0.000000000000    0.000000000000   -0.003636275671   -0.000000000000    0.000000000000   -0.005015723793   -0.000000000000   -0.000000000000   -0.002471968309    0.000000000000    0.000000000000   -0.010119618209   -0.000000000000    0.000000000000    0.000000000000    0.000000000000   -0.006339228087    0.000000000000    0.000000000000    0.000000000000    0.000000000000   -0.000000000000    1.832945247288   -0.000000000000   -0.000000000000    0.000000000000   -0.000000000000
  -0.000062273136   -0.000172200948   -0.000373384892    0.000003289951    0.001225095201    0.001456820924    0.000000000000   -0.000000000000   -0.003540072811    0.000000000000    0.000000000000   -0.010985332222    0.000000000000   -0.000000000000   -0.008671028812   -0.000000000000   -0.000000000000   -0.010912095840   -0.000000000000   -0.000000000000   -0.000000000000   -0.000000000000   -0.006683058200   -0.000000000000   -0.000000000000    0.000000000000    0.000000000000   -0.000000000000    1.829518842407   -0.000000000000    0.000000000000    0.000000000000
   0.000000000000    0.000000000000    0.000000000000    0.000000000000   -0.000000000000   -0.000000000000   -0.003636275671    0.000000000000   -0.000000000000   -0.005015723793    0.000000000000   -0.000000000000   -0.002471968309   -0.000000000000   -0.000000000000    0.000000000000   -0.000000000000   -0.000000000000   -0.010119618209    0.000000000000    0.000000000000   -0.000000000000   -0.000000000000   -0.006339228087    0.000000000000    0.000000000000   -0.000000000000   -0.000000000000   -0.000000000000    1.832945247288   -0.000000000000    0.000000000000
  -0.000000000000    0.000000000000    0.000000000000    0.000000000000    0.000000000000    0.000000000000   -0.000000000000   -0.000000000000    0.000000000000   -0.000000000000   -0.000000000000    0.000000000000   -0.000000000000    0.000000000000   -0.000000000000    0.000000000000   -0.000000000000   -0.000000000000   -0.000000000000   -0.007751281324   -0.000000000000   -0.000000000000   -0.000000000000   -0.000000000000   -0.005010145768   -0.000000000000   -0.000000000000    0.000000000000    0.000000000000   -0.000000000000    1.838110230743   -0.000000000000
  -0.000000000000   -0.000000000000    0.000000000000    0.000000000000    0.000000000000    0.000000000000   -0.000000000000    0.000000000000   -0.000000000000   -0.000000000000    0.000000000000   -0.000000000000    0.000000000000    0.000000000000    0.000000000000    0.000000000000   -0.000000000000   -0.000000000000    0.000000000000   -0.000000000000    0.000000000000   -0.000000000000   -0.000000000000    0.000000000000   -0.000000000000   -0.000000000000    0.000000000000   -0.000000000000    0.000000000000    0.000000000000   -0.000000000000    1.843781929096
