 166.312912823226  133.307411532486   51.859334224772   28.918631714958    9.931203214302    4.551204717349    0.000000000000   -0.000000000000    0.000112865275    0.000000000000   -0.000000000000   -0.000406389021   -0.000000000000   -0.000000000000   -0.000830144682    0.000000000000    0.000000000000   -0.001465655704    0.000000000000    0.000000000000   -0.000000000000    0.000000000000    0.000218410139    0.000000000000   -0.000000000000    0.000000000000    0.000000000000    0.000000000000   -0.000058439700    0.000000000000    0.000000000000   -0.000000000000
 133.307411532486  111.032457280315   44.355835848328   24.435712975822    8.253407401310    3.766870463884    0.000000000000   -0.000000000000    0.000157130057    0.000000000000   -0.000000000000   -0.001082201571   -0.000000000000   -0.000000000000   -0.002282336157    0.000000000000    0.000000000000   -0.003984423715    0.000000000000    0.000000000000   -0.000000000000    0.000000000000    0.000661809459    0.000000000000   -0.000000000000    0.000000000000    0.000000000000    0.000000000000   -0.000161448172    0.000000000000   -0.000000000000   -0.000000000000
  51.859334224772   44.355835848328   15.658759921575    6.926640709106    1.412502659696    0.500745367509    0.000000000000   -0.000000000000   -0.002698872142    0.000000000000   -0.000000000000   -0.004201871547   -0.000000000000   -0.000000000000   -0.004291393910    0.000000000000    0.000000000000   -0.008885214339    0.000000000000   -0.000000000000   -0.000000000000    0.000000000000    0.001371914196    0.000000000000   -0.000000000000   -0.000000000000    0.000000000000    0.000000000000   -0.000349874087    0.000000000000   -0.000000000000   -0.000000000000
  28.918631714958   24.435712975822    6.926640709106    1.958828365532   -0.471457036383   -0.446864926758    0.000000000000   -0.000000000000   -0.006111135101    0.000000000000   -0.000000000000   -0.004972937308    0.000000000000   -0.000000000000    0.002752949896   -0.000000000000    0.000000000000   -0.003244704853    0.000000000000   -0.000000000000    0.000000000000   -0.000000000000   -0.004761704865   -0.000000000000   -0.000000000000   -0.000000000000   -0.000000000000   -0.000000000000    0.000001885384    0.000000000000    0.000000000000   -0.000000000000
   9.931203214302    8.253407401310    1.412502659696   -0.471457036383   -0.973485515918   -0.707263148357    0.000000000000   -0.000000000000   -0.007300379283    0.000000000000   -0.000000000000    0.000371062129    0.000000000000    0.000000000000    0.022028386347   -0.000000000000   -0.000000000000    0.007104084964   -0.000000000000   -0.000000000000    0.000000000000   -0.000000000000   -0.074712578283   -0.000000000000   -0.000000000000   -0.000000000000   -0.000000000000   -0.000000000000    0.001143808098   -0.000000000000    0.000000000000    0.000000000000
   4.551204717349    3.766870463884    0.500745367509   -0.446864926758   -0.707263148357   -0.554068214656    0.000000000000   -0.000000000000   -0.004768897335    0.000000000000   -0.000000000000    0.005743957251    0.000000000000   -0.000000000000    0.024919308154   -0.000000000000   -0.000000000000    0.006754441830   -0.000000000000   -0.000000000000    0.000000000000   -0.000000000000   -0.139297703358   -0.000000000000    0.000000000000   -0.000000000000   -0.000000000000   -0.000000000000    0.001362758967   -0.000000000000    0.000000000000    0.000000000000
   0.000000000000    0.000000000000    0.000000000000    0.000000000000    0.000000000000    0.000000000000   -2.718595644154    0.000000000000    0.000000000000   -2.054481720681    0.000000000000    0.000000000000   -0.456792321519   -0.000000000000   -0.000000000000   -0.000000000000    0.000000000000   -0.000000000000   -0.004963135141    0.000000000000   -0.000000000000   -0.000000000000   -0.000000000000   -0.001110692255    0.000000000000   -0.000000000000    0.000000000000   -0.000000000000   -0.000000000000   -0.003685972487    0.000000000000   -0.000000000000
  -0.000000000000   -0.000000000000   -0.000000000000   -0.000000000000   -0.000000000000   -0.000000000000    0.000000000000   -2.718595644154    0.000000000000    0.000000000000   -2.054481720681   -0.000000000000    0.000000000000   -0.456792321519   -0.000000000000    0.000000000000   -0.004963135141    0.000000000000    0.000000000000    0.000000000000    0.000000000000   -0.001110692255   -0.000000000000    0.000000000000    0.000000000000    0.000000000000    0.000000000000   -0.003685972487   -0.000000000000   -0.000000000000   -0.000000000000   -0.000000000000
   0.000112865275    0.000157130057   -0.002698872142   -0.006111135101   -0.007300379283   -0.004768897335    0.000000000000    0.000000000000   -2.724387946365    0.000000000000   -0.000000000000   -2.054502837297    0.000000000000   -0.000000000000   -0.454904272010    0.000000000000   -0.000000000000   -0.006002331704    0.000000000000    0.000000000000    0.000000000000   -0.000000000000   -0.001293648608    0.000000000000    0.000000000000   -0.000000000000   -0.000000000000    0.000000000000   -0.003611707932    0.000000000000    0.000000000000   -0.000000000000
   0.000000000000    0.000000000000    0.000000000000    0.000000000000    0.000000000000    0.000000000000   -2.054481720681    0.000000000000    0.000000000000   -1.102400873707    0.000000000000    0.000000000000   -0.322876954393    0.000000000000   -0.000000000000   -0.000000000000   -0.000000000000   -0.000000000000   -0.008340346052    0.000000000000   -0.000000000000   -0.000000000000   -0.000000000000   -0.004783886325    0.000000000000   -0.000000000000    0.000000000000   -0.000000000000   -0.000000000000   -0.005095250306    0.000000000000   -0.000000000000
  -0.000000000000   -0.000000000000   -0.000000000000   -0.000000000000   -0.000000000000   -0.000000000000    0.000000000000   -2.054481720681   -0.000000000000    0.000000000000   -1.102400873707   -0.000000000000    0.000000000000   -0.322876954393   -0.000000000000   -0.000000000000   -0.008340346052    0.000000000000    0.000000000000    0.000000000000   -0.000000000000   -0.004783886325    0.000000000000    0.000000000000    0.000000000000    0.000000000000    0.000000000000   -0.005095250306   -0.000000000000   -0.000000000000   -0.000000000000    0.000000000000
  -0.000406389021   -0.001082201571   -0.004201871547   -0.004972937308    0.000371062129    0.005743957251    0.000000000000   -0.000000000000   -2.054502837297    0.000000000000   -0.000000000000   -1.121614407438   -0.000000000000   -0.000000000000   -0.362680213710   -0.000000000000   -0.000000000000   -0.009697519244   -0.000000000000    0.000000000000   -0.000000000000   -0.000000000000   -0.003384360410   -0.000000000000    0.000000000000   -0.000000000000   -0.000000000000    0.000000000000   -0.011075937472    0.000000000000   -0.000000000000    0.000000000000
  -0.000000000000   -0.000000000000   -0.000000000000    0.000000000000    0.000000000000    0.000000000000   -0.456792321519    0.000000000000    0.000000000000   -0.322876954393    0.000000000000   -0.000000000000   -0.019734253176   -0.000000000000   -0.000000000000   -0.000000000000    0.000000000000    0.000000000000   -0.002898267813    0.000000000000   -0.000000000000    0.000000000000    0.000000000000   -0.004459386068    0.000000000000   -0.000000000000    0.000000000000    0.000000000000   -0.000000000000   -0.002491301979    0.000000000000   -0.000000000000
  -0.000000000000   -0.000000000000   -0.000000000000   -0.000000000000    0.000000000000   -0.000000000000   -0.000000000000   -0.456792321519   -0.000000000000    0.000000000000   -0.322876954393   -0.000000000000   -0.000000000000   -0.019734253176   -0.000000000000   -0.000000000000   -0.002898267813    0.000000000000    0.000000000000    0.000000000000   -0.000000000000   -0.004459386068    0.000000000000    0.000000000000    0.000000000000    0.000000000000    0.000000000000   -0.002491301979   -0.000000000000    0.000000000000    0.000000000000    0.000000000000
  -0.000830144682   -0.002282336157   -0.004291393910    0.002752949896    0.022028386347    0.024919308154   -0.000000000000   -0.000000000000   -0.454904272010   -0.000000000000   -0.000000000000   -0.362680213710   -0.000000000000   -0.000000000000   -0.371387234837   -0.000000000000   -0.000000000000   -0.002846595463   -0.000000000000    0.000000000000   -0.000000000000   -0.000000000000   -0.000601136951   -0.000000000000   -0.000000000000    0.000000000000    0.000000000000    0.000000000000   -0.008658614970    0.000000000000   -0.000000000000   -0.000000000000
   0.000000000000    0.000000000000    0.000000000000   -0.000000000000   -0.000000000000   -0.000000000000   -0.000000000000    0.000000000000    0.000000000000   -0.000000000000   -0.000000000000   -0.000000000000   -0.000000000000   -0.000000000000   -0.000000000000   -0.424839582884    0.000000000000   -0.000000000000    0.000000000000   -0.000000000000   -0.368976131994    0.000000000000    0.000000000000    0.000000000000    0.000000000000    0.000000000000   -0.007291867000   -0.000000000000    0.000000000000    0.000000000000    0.000000000000    0.000000000000
   0.000000000000    0.000000000000    0.000000000000    0.000000000000   -0.000000000000   -0.000000000000    0.000000000000   -0.004963135141   -0.000000000000   -0.000000000000   -0.008340346052   -0.000000000000    0.000000000000   -0.002898267813   -0.000000000000    0.000000000000   -0.428624641670   -0.000000000000   -0.000000000000   -0.000000000000   -0.000000000000   -0.374462532946    0.000000000000    0.000000000000    0.000000000000    0.000000000000    0.000000000000   -0.009524360233    0.000000000000    0.000000000000    0.000000000000    0.000000000000
  -0.001465655704   -0.003984423715   -0.008885214339   -0.003244704853    0.007104084964    0.006754441830   -0.000000000000    0.000000000000   -0.006002331704   -0.000000000000    0.000000000000   -0.009697519244    0.000000000000    0.000000000000   -0.002846595463   -0.000000000000   -0.000000000000   -0.424055775574   -0.000000000000    0.000000000000    0.000000000000   -0.000000000000   -0.385743830489    0.000000000000    0.000000000000    0.000000000000    0.000000000000   -0.000000000000   -0.010277599364    0.000000000000    0.000000000000   -0.000000000000
   0.000000000000    0.000000000000    0.000000000000    0.000000000000   -0.000000000000   -0.000000000000   -0.004963135141    0.000000000000    0.000000000000   -0.008340346052    0.000000000000   -0.000000000000   -0.002898267813    0.000000000000   -0.000000000000    0.000000000000   -0.000000000000   -0.000000000000   -0.428624641670    0.000000000000    0.000000000000    0.000000000000   -0.000000000000   -0.374462532946    0.000000000000    0.000000000000   -0.000000000000    0.000000000000   -0.000000000000   -0.009524360233    0.000000000000   -0.000000000000
   0.000000000000    0.000000000000   -0.000000000000   -0.000000000000   -0.000000000000   -0.000000000000    0.000000000000    0.000000000000    0.000000000000    0.000000000000    0.000000000000    0.000000000000    0.000000000000    0.000000000000    0.000000000000   -0.000000000000   -0.000000000000    0.000000000000    0.000000000000   -0.424839582885   -0.000000000000   -0.000000000000    0.000000000000    0.000000000000   -0.368976131994   -0.000000000000   -0.000000000000   -0.000000000000    0.000000000000   -0.000000000000   -0.007291867000    0.000000000000
  -0.000000000000   -0.000000000000   -0.000000000000    0.000000000000    0.000000000000    0.000000000000   -0.000000000000    0.000000000000    0.000000000000   -0.000000000000   -0.000000000000   -0.000000000000   -0.000000000000   -0.000000000000   -0.000000000000   -0.368976131994   -0.000000000000    0.000000000000    0.000000000000   -0.000000000000    0.225743136928    0.000000000000    0.000000000000    0.000000000000    0.000000000000    0.000000000000   -0.004721529189    0.000000000000    0.000000000000    0.000000000000    0.000000000000    0.000000000000
   0.000000000000    0.000000000000    0.000000000000   -0.000000000000   -0.000000000000   -0.000000000000   -0.000000000000   -0.001110692255   -0.000000000000   -0.000000000000   -0.004783886325   -0.000000000000    0.000000000000   -0.004459386068   -0.000000000000    0.000000000000   -0.374462532946   -0.000000000000    0.000000000000   -0.000000000000    0.000000000000    0.179746292319    0.000000000000    0.000000000000   -0.000000000000    0.000000000000   -0.000000000000   -0.005981239363    0.000000000000    0.000000000000    0.000000000000    0.000000000000
   0.000218410139    0.000661809459    0.001371914196   -0.004761704865   -0.074712578283   -0.139297703358   -0.000000000000   -0.000000000000   -0.001293648608   -0.000000000000    0.000000000000   -0.003384360410    0.000000000000    0.000000000000   -0.000601136951    0.000000000000    0.000000000000   -0.385743830489   -0.000000000000    0.000000000000    0.000000000000    0.000000000000    0.014035837691    0.000000000000   -0.000000000000    0.000000000000    0.000000000000   -0.000000000000   -0.006311121578    0.000000000000    0.000000000000   -0.000000000000
   0.000000000000    0.000000000000    0.000000000000   -0.000000000000   -0.000000000000   -0.000000000000   -0.001110692255    0.000000000000    0.000000000000   -0.004783886325    0.000000000000   -0.000000000000   -0.004459386068    0.000000000000   -0.000000000000    0.000000000000    0.000000000000    0.000000000000   -0.374462532946    0.000000000000    0.000000000000    0.000000000000    0.000000000000    0.179746292319    0.000000000000   -0.000000000000   -0.000000000000    0.000000000000    0.000000000000   -0.005981239363   -0.000000000000   -0.000000000000
  -0.000000000000   -0.000000000000   -0.000000000000   -0.000000000000   -0.000000000000    0.000000000000    0.000000000000    0.000000000000    0.000000000000    0.000000000000    0.000000000000    0.000000000000    0.000000000000    0.000000000000   -0.000000000000    0.000000000000    0.000000000000    0.000000000000    0.000000000000   -0.368976131994    0.000000000000   -0.000000000000   -0.000000000000    0.000000000000    0.225743136928   -0.000000000000   -0.000000000000   -0.000000000000    0.000000000000   -0.000000000000   -0.004721529189    0.000000000000
   0.000000000000    0.000000000000   -0.000000000000   -0.000000000000   -0.000000000000   -0.000000000000   -0.000000000000    0.000000000000   -0.000000000000   -0.000000000000    0.000000000000   -0.000000000000   -0.000000000000    0.000000000000    0.000000000000    0.000000000000    0.000000000000    0.000000000000    0.000000000000   -0.000000000000    0.000000000000    0.000000000000    0.000000000000   -0.000000000000   -0.000000000000    1.841810709831    0.000000000000   -0.000000000000    0.000000000000   -0.000000000000    0.000000000000   -0.000000000000
   0.000000000000    0.000000000000    0.000000000000   -0.000000000000   -0.000000000000   -0.000000000000    0.000000000000    0.000000000000   -0.000000000000    0.000000000000    0.000000000000   -0.000000000000    0.000000000000    0.000000000000    0.000000000000   -0.007291867000    0.000000000000    0.000000000000   -0.000000000000   -0.000000000000   -0.004721529189   -0.000000000000    0.000000000000   -0.000000000000   -0.000000000000    0.000000000000    1.836046121772    0.000000000000    0.000000000000    0.000000000000   -0.000000000000   -0.000000000000
   0.000000000000    0.000000000000    0.000000000000   -0.000000000000   -0.000000000000   -0.000000000000   -0.000000000000   -0.003685972487    0.000000000000   -0.000000000000   -0.005095250306    0.000000000000    0.000000000000   -0.002491301979    0.000000000000   -0.000000000000   -0.009524360233   -0.000000000000    0.000000000000   -0.000000000000    0.000000000000   -0.005981239363   -0.000000000000    0.000000000000   -0.000000000000   -0.000000000000    0.000000000000    1.830819354118    0.000000000000   -0.000000000000   -0.000000000000    0.000000000000
  -0.000058439700   -0.000161448172   -0.000349874087    0.000001885384    0.001143808098    0.001362758967   -0.000000000000   -0.000000000000   -0.003611707932   -0.000000000000   -0.000000000000   -0.011075937472   -0.000000000000   -0.000000000000   -0.008658614970    0.000000000000    0.000000000000   -0.010277599364   -0.000000000000    0.000000000000    0.000000000000    0.000000000000   -0.006311121578    0.000000000000    0.000000000000    0.000000000000    0.000000000000    0.000000000000    1.827373642922    0.000000000000    0.000000000000   -0.000000000000
   0.000000000000    0.000000000000    0.000000000000    0.000000000000   -0.000000000000   -0.000000000000   -0.003685972487   -0.000000000000    0.000000000000   -0.005095250306   -0.000000000000    0.000000000000   -0.002491301979    0.000000000000    0.000000000000    0.000000000000    0.000000000000    0.000000000000   -0.009524360233   -0.000000000000    0.000000000000    0.000000000000    0.000000000000   -0.005981239363   -0.000000000000   -0.000000000000    0.000000000000   -0.000000000000    0.000000000000    1.830819354118    0.000000000000    0.000000000000
   0.000000000000   -0.000000000000   -0.000000000000    0.000000000000    0.000000000000    0.000000000000    0.000000000000   -0.000000000000    0.000000000000    0.000000000000   -0.000000000000   -0.000000000000    0.000000000000    0.000000000000   -0.000000000000    0.000000000000    0.000000000000    0.000000000000    0.000000000000   -0.007291867000    0.000000000000    0.000000000000    0.000000000000   -0.000000000000   -0.004721529189    0.000000000000   -0.000000000000   -0.000000000000    0.000000000000    0.000000000000    1.836046121772    0.000000000000
  -0.000000000000   -0.000000000000   -0.000000000000   -0.000000000000    0.000000000000    0.000000000000   -0.000000000000   -0.000000000000   -0.000000000000   -0.000000000000    0.000000000000    0.000000000000   -0.000000000000    0.000000000000   -0.000000000000    0.000000000000    0.000000000000   -0.000000000000   -0.000000000000    0.000000000000    0.000000000000    0.000000000000   -0.000000000000   -0.000000000000    0.000000000000   -0.000000000000   -0.000000000000    0.000000000000   -0.000000000000    0.000000000000    0.000000000000    1.841810709831
