 166.313915612329  133.308350131464   51.859816252910   28.918918801763    9.931305480053    4.551248914746    0.000000000000    0.000000000000   -0.000119639786    0.000000000000    0.000000000000    0.000432410339    0.000000000000    0.000000000000    0.000884113097    0.000000000000    0.000000000000   -0.001453850885   -0.000000000000   -0.000000000000    0.000000000000    0.000000000000    0.000218652780   -0.000000000000   -0.000000000000   -0.000000000000    0.000000000000   -0.000000000000    0.000062126106    0.000000000000   -0.000000000000   -0.000000000000
 133.308350131464  111.033459021777   44.356505331161   24.436139968718    8.253566081740    3.766936253211    0.000000000000    0.000000000000   -0.000165340254    0.000000000000    0.000000000000    0.001151998658    0.000000000000    0.000000000000    0.002430719144   -0.000000000000    0.000000000000   -0.003952192117   -0.000000000000   -0.000000000000    0.000000000000    0.000000000000    0.000662628523   -0.000000000000   -0.000000000000   -0.000000000000    0.000000000000   -0.000000000000    0.000171653506   -0.000000000000   -0.000000000000   -0.000000000000
  51.859816252910   44.356505331161   15.659761772527    6.927534684782    1.412954862261    0.500959753895    0.000000000000    0.000000000000    0.002878328945    0.000000000000    0.000000000000    0.004471542479    0.000000000000    0.000000000000    0.004568703384    0.000000000000    0.000000000000   -0.008810379252   -0.000000000000   -0.000000000000    0.000000000000    0.000000000000    0.001375724816   -0.000000000000    0.000000000000   -0.000000000000    0.000000000000   -0.000000000000    0.000371858886   -0.000000000000   -0.000000000000   -0.000000000000
  28.918918801763   24.436139968718    6.927534684782    1.959842634048   -0.470740079289   -0.446449431001    0.000000000000    0.000000000000    0.006503444443    0.000000000000    0.000000000000    0.005284036585    0.000000000000    0.000000000000   -0.002937604300    0.000000000000   -0.000000000000   -0.003222586580   -0.000000000000    0.000000000000    0.000000000000   -0.000000000000   -0.004747324002   -0.000000000000    0.000000000000   -0.000000000000    0.000000000000    0.000000000000   -0.000002787973   -0.000000000000   -0.000000000000    0.000000000000
   9.931305480053    8.253566081740    1.412954862261   -0.470740079289   -0.972406178722   -0.706292985042    0.000000000000    0.000000000000    0.007755782113    0.000000000000    0.000000000000   -0.000425230458    0.000000000000    0.000000000000   -0.023495920587    0.000000000000   -0.000000000000    0.006982099444    0.000000000000    0.000000000000    0.000000000000   -0.000000000000   -0.074635293915    0.000000000000    0.000000000000    0.000000000000   -0.000000000000    0.000000000000   -0.001218303287    0.000000000000    0.000000000000    0.000000000000
   4.551248914746    3.766936253211    0.500959753895   -0.446449431001   -0.706292985042   -0.552866680937    0.000000000000    0.000000000000    0.005062383935    0.000000000000    0.000000000000   -0.006134565984    0.000000000000    0.000000000000   -0.026598705415    0.000000000000    0.000000000000    0.006621382717    0.000000000000    0.000000000000    0.000000000000   -0.000000000000   -0.139197970236   -0.000000000000    0.000000000000    0.000000000000   -0.000000000000    0.000000000000   -0.001449862253    0.000000000000    0.000000000000    0.000000000000
   0.000000000000    0.000000000000    0.000000000000    0.000000000000    0.000000000000    0.000000000000   -2.717596415808   -0.000000000000   -0.000000000000   -2.053787209801    0.000000000000   -0.000000000000   -0.456651442312    0.000000000000   -0.000000000000    0.000000000000    0.000000000000   -0.000000000000    0.005283030003    0.000000000000    0.000000000000    0.000000000000    0.000000000000    0.001180064443    0.000000000000    0.000000000000   -0.000000000000   -0.000000000000    0.000000000000   -0.003656967436   -0.000000000000    0.000000000000
   0.000000000000    0.000000000000    0.000000000000    0.000000000000    0.000000000000    0.000000000000   -0.000000000000   -2.717596415808    0.000000000000   -0.000000000000   -2.053787209801   -0.000000000000   -0.000000000000   -0.456651442312   -0.000000000000    0.000000000000    0.005283030003   -0.000000000000    0.000000000000   -0.000000000000    0.000000000000    0.001180064443   -0.000000000000   -0.000000000000   -0.000000000000   -0.000000000000   -0.000000000000   -0.003656967436   -0.000000000000   -0.000000000000    0.000000000000   -0.000000000000
  -0.000119639786   -0.000165340254    0.002878328945    0.006503444443    0.007755782113    0.005062383935   -0.000000000000    0.000000000000   -2.723340040060    0.000000000000    0.000000000000   -2.053791373460    0.000000000000    0.000000000000   -0.454761794245    0.000000000000    0.000000000000    0.006388806543    0.000000000000   -0.000000000000   -0.000000000000    0.000000000000    0.001371342262    0.000000000000    0.000000000000    0.000000000000   -0.000000000000    0.000000000000   -0.003572077282   -0.000000000000    0.000000000000   -0.000000000000
   0.000000000000    0.000000000000    0.000000000000    0.000000000000    0.000000000000    0.000000000000   -2.053787209801   -0.000000000000    0.000000000000   -1.101385442366    0.000000000000   -0.000000000000   -0.322460683385    0.000000000000   -0.000000000000    0.000000000000   -0.000000000000   -0.000000000000    0.008851024585    0.000000000000    0.000000000000   -0.000000000000   -0.000000000000    0.005061752035    0.000000000000    0.000000000000   -0.000000000000   -0.000000000000    0.000000000000   -0.005062636980   -0.000000000000    0.000000000000
   0.000000000000    0.000000000000    0.000000000000    0.000000000000    0.000000000000    0.000000000000    0.000000000000   -2.053787209801    0.000000000000    0.000000000000   -1.101385442366   -0.000000000000   -0.000000000000   -0.322460683385   -0.000000000000   -0.000000000000    0.008851024585    0.000000000000   -0.000000000000   -0.000000000000   -0.000000000000    0.005061752035    0.000000000000   -0.000000000000    0.000000000000   -0.000000000000   -0.000000000000   -0.005062636980   -0.000000000000   -0.000000000000    0.000000000000   -0.000000000000
   0.000432410339    0.001151998658    0.004471542479    0.005284036585   -0.000425230458   -0.006134565984   -0.000000000000   -0.000000000000   -2.053791373460   -0.000000000000   -0.000000000000   -1.120623674672   -0.000000000000   -0.000000000000   -0.362337332083   -0.000000000000    0.000000000000    0.010282928388    0.000000000000    0.000000000000   -0.000000000000    0.000000000000    0.003567461236    0.000000000000    0.000000000000   -0.000000000000    0.000000000000    0.000000000000   -0.011041694562   -0.000000000000    0.000000000000    0.000000000000
   0.000000000000    0.000000000000    0.000000000000    0.000000000000    0.000000000000    0.000000000000   -0.456651442312   -0.000000000000    0.000000000000   -0.322460683385   -0.000000000000   -0.000000000000   -0.018842706874   -0.000000000000   -0.000000000000   -0.000000000000   -0.000000000000    0.000000000000    0.003060899677    0.000000000000   -0.000000000000   -0.000000000000   -0.000000000000    0.004685417830    0.000000000000    0.000000000000    0.000000000000   -0.000000000000    0.000000000000   -0.002489486390    0.000000000000   -0.000000000000
   0.000000000000    0.000000000000    0.000000000000    0.000000000000    0.000000000000    0.000000000000    0.000000000000   -0.456651442312    0.000000000000    0.000000000000   -0.322460683385   -0.000000000000   -0.000000000000   -0.018842706874   -0.000000000000   -0.000000000000    0.003060899677    0.000000000000   -0.000000000000    0.000000000000   -0.000000000000    0.004685417830    0.000000000000   -0.000000000000    0.000000000000    0.000000000000   -0.000000000000   -0.002489486390   -0.000000000000   -0.000000000000    0.000000000000    0.000000000000
   0.000884113097    0.002430719144    0.004568703384   -0.002937604300   -0.023495920587   -0.026598705415   -0.000000000000   -0.000000000000   -0.454761794245   -0.000000000000   -0.000000000000   -0.362337332083   -0.000000000000   -0.000000000000   -0.370544983562   -0.000000000000    0.000000000000    0.002995100294    0.000000000000    0.000000000000   -0.000000000000    0.000000000000    0.000590104500    0.000000000000    0.000000000000   -0.000000000000    0.000000000000    0.000000000000   -0.008673848408   -0.000000000000   -0.000000000000    0.000000000000
   0.000000000000   -0.000000000000    0.000000000000    0.000000000000    0.000000000000    0.000000000000    0.000000000000    0.000000000000    0.000000000000    0.000000000000   -0.000000000000   -0.000000000000   -0.000000000000   -0.000000000000   -0.000000000000   -0.423840096125    0.000000000000   -0.000000000000    0.000000000000   -0.000000000000   -0.368547028224   -0.000000000000   -0.000000000000   -0.000000000000    0.000000000000    0.000000000000    0.007746793443   -0.000000000000    0.000000000000   -0.000000000000    0.000000000000   -0.000000000000
   0.000000000000    0.000000000000    0.000000000000   -0.000000000000   -0.000000000000    0.000000000000    0.000000000000    0.005283030003    0.000000000000   -0.000000000000    0.008851024585    0.000000000000   -0.000000000000    0.003060899677    0.000000000000    0.000000000000   -0.427580266866    0.000000000000   -0.000000000000    0.000000000000   -0.000000000000   -0.374009479946   -0.000000000000    0.000000000000    0.000000000000    0.000000000000    0.000000000000    0.010116442638    0.000000000000   -0.000000000000   -0.000000000000   -0.000000000000
  -0.001453850885   -0.003952192117   -0.008810379252   -0.003222586580    0.006982099444    0.006621382717   -0.000000000000   -0.000000000000    0.006388806543   -0.000000000000    0.000000000000    0.010282928388    0.000000000000    0.000000000000    0.002995100294   -0.000000000000    0.000000000000   -0.422994366302    0.000000000000    0.000000000000   -0.000000000000    0.000000000000   -0.385296818500    0.000000000000   -0.000000000000   -0.000000000000    0.000000000000    0.000000000000    0.010913724255    0.000000000000   -0.000000000000    0.000000000000
  -0.000000000000   -0.000000000000   -0.000000000000   -0.000000000000    0.000000000000    0.000000000000    0.005283030003    0.000000000000    0.000000000000    0.008851024585   -0.000000000000    0.000000000000    0.003060899677   -0.000000000000    0.000000000000    0.000000000000   -0.000000000000    0.000000000000   -0.427580266866   -0.000000000000    0.000000000000    0.000000000000   -0.000000000000   -0.374009479946   -0.000000000000    0.000000000000   -0.000000000000    0.000000000000   -0.000000000000    0.010116442638    0.000000000000   -0.000000000000
  -0.000000000000   -0.000000000000   -0.000000000000    0.000000000000    0.000000000000    0.000000000000    0.000000000000   -0.000000000000   -0.000000000000    0.000000000000   -0.000000000000    0.000000000000    0.000000000000    0.000000000000    0.000000000000   -0.000000000000    0.000000000000    0.000000000000   -0.000000000000   -0.423840096125    0.000000000000    0.000000000000   -0.000000000000   -0.000000000000   -0.368547028224    0.000000000000    0.000000000000    0.000000000000   -0.000000000000    0.000000000000    0.007746793443    0.000000000000
   0.000000000000    0.000000000000    0.000000000000    0.000000000000    0.000000000000    0.000000000000    0.000000000000    0.000000000000   -0.000000000000    0.000000000000   -0.000000000000   -0.000000000000   -0.000000000000   -0.000000000000   -0.000000000000   -0.368547028224   -0.000000000000   -0.000000000000    0.000000000000    0.000000000000    0.226671552430   -0.000000000000   -0.000000000000   -0.000000000000    0.000000000000    0.000000000000    0.005010120979   -0.000000000000    0.000000000000   -0.000000000000    0.000000000000    0.000000000000
   0.000000000000    0.000000000000    0.000000000000   -0.000000000000   -0.000000000000   -0.000000000000    0.000000000000    0.001180064443    0.000000000000   -0.000000000000    0.005061752035    0.000000000000   -0.000000000000    0.004685417830    0.000000000000   -0.000000000000   -0.374009479946    0.000000000000    0.000000000000    0.000000000000   -0.000000000000    0.180747857610   -0.000000000000    0.000000000000    0.000000000000    0.000000000000   -0.000000000000    0.006344445708    0.000000000000   -0.000000000000    0.000000000000    0.000000000000
   0.000218652780    0.000662628523    0.001375724816   -0.004747324002   -0.074635293915   -0.139197970236    0.000000000000   -0.000000000000    0.001371342262   -0.000000000000    0.000000000000    0.003567461236   -0.000000000000    0.000000000000    0.000590104500   -0.000000000000   -0.000000000000   -0.385296818500   -0.000000000000   -0.000000000000   -0.000000000000   -0.000000000000    0.015050928843   -0.000000000000   -0.000000000000   -0.000000000000    0.000000000000    0.000000000000    0.006692663282    0.000000000000   -0.000000000000    0.000000000000
  -0.000000000000   -0.000000000000   -0.000000000000   -0.000000000000    0.000000000000   -0.000000000000    0.001180064443   -0.000000000000    0.000000000000    0.005061752035   -0.000000000000    0.000000000000    0.004685417830   -0.000000000000    0.000000000000   -0.000000000000    0.000000000000    0.000000000000   -0.374009479946   -0.000000000000   -0.000000000000    0.000000000000   -0.000000000000    0.180747857610   -0.000000000000   -0.000000000000   -0.000000000000    0.000000000000   -0.000000000000    0.006344445708    0.000000000000    0.000000000000
  -0.000000000000   -0.000000000000    0.000000000000    0.000000000000    0.000000000000    0.000000000000    0.000000000000   -0.000000000000    0.000000000000    0.000000000000    0.000000000000    0.000000000000    0.000000000000    0.000000000000    0.000000000000    0.000000000000    0.000000000000   -0.000000000000   -0.000000000000   -0.368547028224    0.000000000000    0.000000000000   -0.000000000000   -0.000000000000    0.226671552430    0.000000000000    0.000000000000    0.000000000000   -0.000000000000    0.000000000000    0.005010120979    0.000000000000
  -0.000000000000   -0.000000000000   -0.000000000000   -0.000000000000    0.000000000000    0.000000000000    0.000000000000   -0.000000000000    0.000000000000    0.000000000000   -0.000000000000   -0.000000000000    0.000000000000    0.000000000000   -0.000000000000    0.000000000000    0.000000000000   -0.000000000000    0.000000000000    0.000000000000    0.000000000000    0.000000000000   -0.000000000000   -0.000000000000    0.000000000000    1.842782387004   -0.000000000000   -0.000000000000    0.000000000000   -0.000000000000    0.000000000000    0.000000000000
   0.000000000000    0.000000000000    0.000000000000    0.000000000000   -0.000000000000   -0.000000000000   -0.000000000000   -0.000000000000   -0.000000000000   -0.000000000000   -0.000000000000    0.000000000000    0.000000000000   -0.000000000000    0.000000000000    0.007746793443    0.000000000000    0.000000000000   -0.000000000000    0.000000000000    0.005010120979   -0.000000000000    0.000000000000   -0.000000000000    0.000000000000   -0.000000000000    1.837072852897   -0.000000000000   -0.000000000000    0.000000000000   -0.000000000000   -0.000000000000
  -0.000000000000   -0.000000000000   -0.000000000000    0.000000000000    0.000000000000    0.000000000000   -0.000000000000   -0.003656967436    0.000000000000   -0.000000000000   -0.005062636980    0.000000000000   -0.000000000000   -0.002489486390    0.000000000000   -0.000000000000    0.010116442638    0.000000000000    0.000000000000    0.000000000000   -0.000000000000    0.006344445708    0.000000000000    0.000000000000    0.000000000000   -0.000000000000   -0.000000000000    1.831881215406    0.000000000000    0.000000000000   -0.000000000000    0.000000000000
   0.000062126106    0.000171653506    0.000371858886   -0.000002787973   -0.001218303287   -0.001449862253    0.000000000000   -0.000000000000   -0.003572077282    0.000000000000   -0.000000000000   -0.011041694562    0.000000000000   -0.000000000000   -0.008673848408    0.000000000000    0.000000000000    0.010913724255   -0.000000000000   -0.000000000000    0.000000000000    0.000000000000    0.006692663282   -0.000000000000   -0.000000000000    0.000000000000   -0.000000000000    0.000000000000    1.828446645584   -0.000000000000   -0.000000000000   -0.000000000000
   0.000000000000   -0.000000000000   -0.000000000000   -0.000000000000    0.000000000000    0.000000000000   -0.003656967436   -0.000000000000   -0.000000000000   -0.005062636980   -0.000000000000   -0.000000000000   -0.002489486390   -0.000000000000   -0.000000000000   -0.000000000000   -0.000000000000    0.000000000000    0.010116442638    0.000000000000   -0.000000000000   -0.000000000000    0.000000000000    0.006344445708    0.000000000000   -0.000000000000    0.000000000000    0.000000000000   -0.000000000000    1.831881215406   -0.000000000000    0.000000000000
  -0.000000000000   -0.000000000000   -0.000000000000   -0.000000000000    0.000000000000    0.000000000000   -0.000000000000    0.000000000000    0.000000000000   -0.000000000000    0.000000000000    0.000000000000    0.000000000000    0.000000000000   -0.000000000000    0.000000000000   -0.000000000000   -0.000000000000    0.000000000000    0.007746793443    0.000000000000    0.000000000000   -0.000000000000    0.000000000000    0.005010120979    0.000000000000   -0.000000000000   -0.000000000000   -0.000000000000   -0.000000000000    1.837072852897   -0.000000000000
  -0.000000000000   -0.000000000000   -0.000000000000    0.000000000000    0.000000000000    0.000000000000    0.000000000000   -0.000000000000   -0.000000000000    0.000000000000   -0.000000000000    0.000000000000   -0.000000000000    0.000000000000    0.000000000000   -0.000000000000   -0.000000000000    0.000000000000   -0.000000000000    0.000000000000    0.000000000000    0.000000000000    0.000000000000    0.000000000000    0.000000000000    0.000000000000   -0.000000000000    0.000000000000   -0.000000000000    0.000000000000   -0.000000000000    1.842782387004
