 166.311597893186  133.306183479960   51.858708736272   28.918255920761    9.931053765172    4.551124760777    0.000000000000   -0.000000000000    0.000119245249    0.000000000000   -0.000000000000   -0.000432060069    0.000000000000    0.000000000000   -0.000883989336    0.000000000000   -0.000000000000   -0.001451195684   -0.000000000000   -0.000000000000    0.000000000000   -0.000000000000    0.000219570293   -0.000000000000   -0.000000000000   -0.000000000000    0.000000000000    0.000000000000   -0.000061965508   -0.000000000000   -0.000000000000   -0.000000000000
 133.306183479960  111.031152834107   44.354975311203   24.435154092640    8.253157383647    3.766724376164    0.000000000000   -0.000000000000    0.000164499678    0.000000000000   -0.000000000000   -0.001150707982    0.000000000000    0.000000000000   -0.002430355568    0.000000000000   -0.000000000000   -0.003944996764   -0.000000000000   -0.000000000000    0.000000000000   -0.000000000000    0.000665113443   -0.000000000000   -0.000000000000   -0.000000000000    0.000000000000    0.000000000000   -0.000171100602   -0.000000000000   -0.000000000000   -0.000000000000
  51.858708736272   44.354975311203   15.657474205852    6.925466696570    1.411839427458    0.500367076077    0.000000000000    0.000000000000   -0.002878549180    0.000000000000    0.000000000000   -0.004468755908    0.000000000000    0.000000000000   -0.004568738074    0.000000000000   -0.000000000000   -0.008796063697   -0.000000000000   -0.000000000000    0.000000000000   -0.000000000000    0.001379548584   -0.000000000000   -0.000000000000   -0.000000000000    0.000000000000    0.000000000000   -0.000370452830   -0.000000000000   -0.000000000000    0.000000000000
  28.918255920761   24.435154092640    6.925466696570    1.957509231877   -0.472320210738   -0.447296465924   -0.000000000000    0.000000000000   -0.006503588749   -0.000000000000    0.000000000000   -0.005289012131    0.000000000000    0.000000000000    0.002934959150   -0.000000000000   -0.000000000000   -0.003223035563    0.000000000000    0.000000000000   -0.000000000000   -0.000000000000   -0.004751244378    0.000000000000    0.000000000000   -0.000000000000    0.000000000000    0.000000000000    0.000002217107   -0.000000000000   -0.000000000000    0.000000000000
   9.931053765172    8.253157383647    1.411839427458   -0.472320210738   -0.974329035005   -0.707736476993    0.000000000000    0.000000000000   -0.007760185839    0.000000000000    0.000000000000    0.000395802931   -0.000000000000    0.000000000000    0.023488024088   -0.000000000000    0.000000000000    0.006951147641    0.000000000000    0.000000000000   -0.000000000000   -0.000000000000   -0.074667979336    0.000000000000    0.000000000000    0.000000000000   -0.000000000000   -0.000000000000    0.001212037119    0.000000000000    0.000000000000    0.000000000000
   4.551124760777    3.766724376164    0.500367076077   -0.447296465924   -0.707736476993   -0.554543111630    0.000000000000    0.000000000000   -0.005068111649    0.000000000000    0.000000000000    0.006111061292   -0.000000000000    0.000000000000    0.026607287829   -0.000000000000    0.000000000000    0.006592945712    0.000000000000    0.000000000000   -0.000000000000   -0.000000000000   -0.139246077503    0.000000000000    0.000000000000    0.000000000000   -0.000000000000   -0.000000000000    0.001444007401    0.000000000000    0.000000000000    0.000000000000
   0.000000000000    0.000000000000    0.000000000000   -0.000000000000    0.000000000000    0.000000000000   -2.719955635740    0.000000000000    0.000000000000   -2.055390469038   -0.000000000000    0.000000000000   -0.456946507206   -0.000000000000    0.000000000000    0.000000000000    0.000000000000    0.000000000000   -0.005282703856    0.000000000000    0.000000000000   -0.000000000000   -0.000000000000   -0.001180219376    0.000000000000    0.000000000000   -0.000000000000   -0.000000000000    0.000000000000   -0.003652539900   -0.000000000000    0.000000000000
  -0.000000000000   -0.000000000000    0.000000000000    0.000000000000    0.000000000000    0.000000000000    0.000000000000   -2.719955635740   -0.000000000000   -0.000000000000   -2.055390469038   -0.000000000000   -0.000000000000   -0.456946507206   -0.000000000000    0.000000000000   -0.005282703856   -0.000000000000    0.000000000000   -0.000000000000    0.000000000000   -0.001180219376   -0.000000000000   -0.000000000000   -0.000000000000   -0.000000000000    0.000000000000   -0.003652539900   -0.000000000000   -0.000000000000    0.000000000000   -0.000000000000
   0.000119245249    0.000164499678   -0.002878549180   -0.006503588749   -0.007760185839   -0.005068111649    0.000000000000   -0.000000000000   -2.725694477294    0.000000000000   -0.000000000000   -2.055400591807    0.000000000000   -0.000000000000   -0.455060527430    0.000000000000    0.000000000000   -0.006382229687   -0.000000000000   -0.000000000000    0.000000000000    0.000000000000   -0.001376668557    0.000000000000   -0.000000000000   -0.000000000000    0.000000000000   -0.000000000000   -0.003572163417   -0.000000000000   -0.000000000000   -0.000000000000
   0.000000000000    0.000000000000    0.000000000000   -0.000000000000    0.000000000000    0.000000000000   -2.055390469038   -0.000000000000    0.000000000000   -1.103674745979   -0.000000000000    0.000000000000   -0.323330551326   -0.000000000000    0.000000000000    0.000000000000   -0.000000000000    0.000000000000   -0.008858169900    0.000000000000    0.000000000000   -0.000000000000   -0.000000000000   -0.005073855385    0.000000000000    0.000000000000   -0.000000000000   -0.000000000000    0.000000000000   -0.005062128684    0.000000000000   -0.000000000000
  -0.000000000000   -0.000000000000    0.000000000000    0.000000000000    0.000000000000    0.000000000000   -0.000000000000   -2.055390469038   -0.000000000000   -0.000000000000   -1.103674745979   -0.000000000000   -0.000000000000   -0.323330551326   -0.000000000000   -0.000000000000   -0.008858169900   -0.000000000000   -0.000000000000   -0.000000000000   -0.000000000000   -0.005073855385   -0.000000000000   -0.000000000000   -0.000000000000   -0.000000000000    0.000000000000   -0.005062128684    0.000000000000   -0.000000000000    0.000000000000   -0.000000000000
  -0.000432060069   -0.001150707982   -0.004468755908   -0.005289012131    0.000395802931    0.006111061292    0.000000000000   -0.000000000000   -2.055400591807    0.000000000000   -0.000000000000   -1.122928651165    0.000000000000   -0.000000000000   -0.363228517719   -0.000000000000   -0.000000000000   -0.010311265524    0.000000000000    0.000000000000   -0.000000000000   -0.000000000000   -0.003593082435    0.000000000000    0.000000000000   -0.000000000000    0.000000000000   -0.000000000000   -0.011044650481    0.000000000000   -0.000000000000   -0.000000000000
   0.000000000000    0.000000000000    0.000000000000    0.000000000000   -0.000000000000   -0.000000000000   -0.456946507206   -0.000000000000    0.000000000000   -0.323330551326   -0.000000000000    0.000000000000   -0.020726164599    0.000000000000    0.000000000000    0.000000000000   -0.000000000000    0.000000000000   -0.003069455647    0.000000000000    0.000000000000   -0.000000000000    0.000000000000   -0.004711874799    0.000000000000   -0.000000000000   -0.000000000000    0.000000000000    0.000000000000   -0.002491501366    0.000000000000    0.000000000000
   0.000000000000    0.000000000000    0.000000000000    0.000000000000    0.000000000000    0.000000000000   -0.000000000000   -0.456946507206   -0.000000000000   -0.000000000000   -0.323330551326   -0.000000000000    0.000000000000   -0.020726164599   -0.000000000000   -0.000000000000   -0.003069455647    0.000000000000   -0.000000000000    0.000000000000   -0.000000000000   -0.004711874799   -0.000000000000   -0.000000000000   -0.000000000000   -0.000000000000   -0.000000000000   -0.002491501366    0.000000000000    0.000000000000    0.000000000000    0.000000000000
  -0.000883989336   -0.002430355568   -0.004568738074    0.002934959150    0.023488024088    0.026607287829    0.000000000000   -0.000000000000   -0.455060527430    0.000000000000   -0.000000000000   -0.363228517719    0.000000000000   -0.000000000000   -0.372537858941   -0.000000000000   -0.000000000000   -0.003042040952    0.000000000000    0.000000000000   -0.000000000000   -0.000000000000   -0.000602624077    0.000000000000    0.000000000000   -0.000000000000    0.000000000000   -0.000000000000   -0.008677070074    0.000000000000    0.000000000000    0.000000000000
   0.000000000000    0.000000000000    0.000000000000   -0.000000000000   -0.000000000000   -0.000000000000    0.000000000000    0.000000000000    0.000000000000    0.000000000000   -0.000000000000   -0.000000000000    0.000000000000   -0.000000000000   -0.000000000000   -0.426226262371    0.000000000000   -0.000000000000   -0.000000000000    0.000000000000   -0.369546768914   -0.000000000000    0.000000000000   -0.000000000000    0.000000000000    0.000000000000   -0.007748343381    0.000000000000   -0.000000000000   -0.000000000000   -0.000000000000   -0.000000000000
  -0.000000000000   -0.000000000000   -0.000000000000   -0.000000000000    0.000000000000    0.000000000000    0.000000000000   -0.005282703856    0.000000000000   -0.000000000000   -0.008858169900   -0.000000000000   -0.000000000000   -0.003069455647   -0.000000000000    0.000000000000   -0.429964676587    0.000000000000    0.000000000000    0.000000000000    0.000000000000   -0.375011834066   -0.000000000000    0.000000000000   -0.000000000000    0.000000000000    0.000000000000   -0.010120540842   -0.000000000000    0.000000000000   -0.000000000000    0.000000000000
  -0.001451195684   -0.003944996764   -0.008796063697   -0.003223035563    0.006951147641    0.006592945712    0.000000000000   -0.000000000000   -0.006382229687    0.000000000000   -0.000000000000   -0.010311265524    0.000000000000    0.000000000000   -0.003042040952   -0.000000000000    0.000000000000   -0.425409143785   -0.000000000000    0.000000000000   -0.000000000000    0.000000000000   -0.386295283917    0.000000000000    0.000000000000    0.000000000000   -0.000000000000    0.000000000000   -0.010921866515   -0.000000000000    0.000000000000   -0.000000000000
  -0.000000000000   -0.000000000000   -0.000000000000    0.000000000000    0.000000000000    0.000000000000   -0.005282703856    0.000000000000   -0.000000000000   -0.008858169900   -0.000000000000    0.000000000000   -0.003069455647   -0.000000000000    0.000000000000   -0.000000000000    0.000000000000   -0.000000000000   -0.429964676587   -0.000000000000   -0.000000000000    0.000000000000    0.000000000000   -0.375011834066   -0.000000000000   -0.000000000000    0.000000000000    0.000000000000   -0.000000000000   -0.010120540842   -0.000000000000    0.000000000000
  -0.000000000000   -0.000000000000   -0.000000000000    0.000000000000    0.000000000000    0.000000000000    0.000000000000   -0.000000000000   -0.000000000000    0.000000000000   -0.000000000000    0.000000000000    0.000000000000    0.000000000000    0.000000000000    0.000000000000    0.000000000000    0.000000000000   -0.000000000000   -0.426226262371    0.000000000000    0.000000000000   -0.000000000000    0.000000000000   -0.369546768914    0.000000000000    0.000000000000    0.000000000000    0.000000000000   -0.000000000000   -0.007748343381   -0.000000000000
   0.000000000000    0.000000000000    0.000000000000   -0.000000000000   -0.000000000000   -0.000000000000    0.000000000000    0.000000000000    0.000000000000    0.000000000000   -0.000000000000   -0.000000000000    0.000000000000   -0.000000000000   -0.000000000000   -0.369546768914    0.000000000000   -0.000000000000   -0.000000000000    0.000000000000    0.224524554869   -0.000000000000    0.000000000000   -0.000000000000    0.000000000000    0.000000000000   -0.005013892074    0.000000000000   -0.000000000000   -0.000000000000   -0.000000000000   -0.000000000000
  -0.000000000000   -0.000000000000   -0.000000000000   -0.000000000000   -0.000000000000   -0.000000000000   -0.000000000000   -0.001180219376    0.000000000000   -0.000000000000   -0.005073855385   -0.000000000000   -0.000000000000   -0.004711874799   -0.000000000000   -0.000000000000   -0.375011834066    0.000000000000    0.000000000000    0.000000000000   -0.000000000000    0.178581959241   -0.000000000000    0.000000000000    0.000000000000    0.000000000000    0.000000000000   -0.006353451514   -0.000000000000    0.000000000000    0.000000000000    0.000000000000
   0.000219570293    0.000665113443    0.001379548584   -0.004751244378   -0.074667979336   -0.139246077503   -0.000000000000   -0.000000000000   -0.001376668557   -0.000000000000   -0.000000000000   -0.003593082435    0.000000000000   -0.000000000000   -0.000602624077    0.000000000000   -0.000000000000   -0.386295283917    0.000000000000   -0.000000000000    0.000000000000   -0.000000000000    0.012874514557    0.000000000000    0.000000000000   -0.000000000000   -0.000000000000    0.000000000000   -0.006704893589   -0.000000000000    0.000000000000   -0.000000000000
  -0.000000000000   -0.000000000000   -0.000000000000    0.000000000000    0.000000000000    0.000000000000   -0.001180219376   -0.000000000000    0.000000000000   -0.005073855385   -0.000000000000    0.000000000000   -0.004711874799   -0.000000000000    0.000000000000   -0.000000000000    0.000000000000    0.000000000000   -0.375011834066    0.000000000000   -0.000000000000    0.000000000000    0.000000000000    0.178581959241    0.000000000000   -0.000000000000    0.000000000000    0.000000000000   -0.000000000000   -0.006353451514    0.000000000000    0.000000000000
  -0.000000000000   -0.000000000000   -0.000000000000    0.000000000000    0.000000000000    0.000000000000    0.000000000000   -0.000000000000   -0.000000000000    0.000000000000   -0.000000000000    0.000000000000    0.000000000000   -0.000000000000    0.000000000000    0.000000000000   -0.000000000000    0.000000000000   -0.000000000000   -0.369546768914    0.000000000000    0.000000000000    0.000000000000    0.000000000000    0.224524554869    0.000000000000    0.000000000000    0.000000000000    0.000000000000   -0.000000000000   -0.005013892074   -0.000000000000
  -0.000000000000   -0.000000000000   -0.000000000000   -0.000000000000    0.000000000000    0.000000000000    0.000000000000   -0.000000000000   -0.000000000000    0.000000000000   -0.000000000000   -0.000000000000   -0.000000000000   -0.000000000000   -0.000000000000    0.000000000000    0.000000000000    0.000000000000   -0.000000000000    0.000000000000    0.000000000000    0.000000000000   -0.000000000000   -0.000000000000    0.000000000000    1.840397153450    0.000000000000    0.000000000000   -0.000000000000   -0.000000000000   -0.000000000000    0.000000000000
   0.000000000000    0.000000000000    0.000000000000    0.000000000000   -0.000000000000   -0.000000000000   -0.000000000000    0.000000000000    0.000000000000   -0.000000000000    0.000000000000    0.000000000000   -0.000000000000   -0.000000000000    0.000000000000   -0.007748343381    0.000000000000   -0.000000000000    0.000000000000    0.000000000000   -0.005013892074    0.000000000000   -0.000000000000    0.000000000000    0.000000000000    0.000000000000    1.834690469445    0.000000000000   -0.000000000000   -0.000000000000    0.000000000000    0.000000000000
   0.000000000000    0.000000000000    0.000000000000    0.000000000000   -0.000000000000   -0.000000000000   -0.000000000000   -0.003652539900   -0.000000000000   -0.000000000000   -0.005062128684   -0.000000000000    0.000000000000   -0.002491501366   -0.000000000000    0.000000000000   -0.010120540842    0.000000000000    0.000000000000    0.000000000000    0.000000000000   -0.006353451514    0.000000000000    0.000000000000    0.000000000000    0.000000000000    0.000000000000    1.829500132257   -0.000000000000    0.000000000000    0.000000000000    0.000000000000
  -0.000061965508   -0.000171100602   -0.000370452830    0.000002217107    0.001212037119    0.001444007401    0.000000000000   -0.000000000000   -0.003572163417    0.000000000000    0.000000000000   -0.011044650481    0.000000000000    0.000000000000   -0.008677070074   -0.000000000000   -0.000000000000   -0.010921866515   -0.000000000000    0.000000000000   -0.000000000000   -0.000000000000   -0.006704893589   -0.000000000000    0.000000000000   -0.000000000000   -0.000000000000   -0.000000000000    1.826066281116    0.000000000000    0.000000000000    0.000000000000
  -0.000000000000   -0.000000000000   -0.000000000000   -0.000000000000    0.000000000000    0.000000000000   -0.003652539900   -0.000000000000   -0.000000000000   -0.005062128684   -0.000000000000    0.000000000000   -0.002491501366    0.000000000000    0.000000000000   -0.000000000000    0.000000000000   -0.000000000000   -0.010120540842   -0.000000000000   -0.000000000000    0.000000000000   -0.000000000000   -0.006353451514   -0.000000000000   -0.000000000000   -0.000000000000    0.000000000000    0.000000000000    1.829500132257    0.000000000000   -0.000000000000
  -0.000000000000   -0.000000000000   -0.000000000000   -0.000000000000    0.000000000000    0.000000000000   -0.000000000000    0.000000000000   -0.000000000000    0.000000000000    0.000000000000   -0.000000000000    0.000000000000    0.000000000000    0.000000000000   -0.000000000000   -0.000000000000    0.000000000000   -0.000000000000   -0.007748343381   -0.000000000000    0.000000000000    0.000000000000    0.000000000000   -0.005013892074   -0.000000000000    0.000000000000    0.000000000000    0.000000000000    0.000000000000    1.834690469445    0.000000000000
  -0.000000000000   -0.000000000000    0.000000000000    0.000000000000    0.000000000000    0.000000000000    0.000000000000   -0.000000000000   -0.000000000000   -0.000000000000   -0.000000000000   -0.000000000000    0.000000000000    0.000000000000    0.000000000000   -0.000000000000    0.000000000000   -0.000000000000    0.000000000000   -0.000000000000   -0.000000000000    0.000000000000   -0.000000000000    0.000000000000   -0.000000000000    0.000000000000    0.000000000000    0.000000000000    0.000000000000   -0.000000000000    0.000000000000    1.840397153450
