  -0.000040810503   -0.000111788269   -0.000179817044    0.000243106779    0.156597690159    1.051184761680   -0.000000000000   -0.000000000000   -0.000068761558   -0.000000000000   -0.000000000000   -0.007742323313    0.000000000000   -0.000000000000   -2.468976902617    0.000000000000    0.000000000000    0.000638549578    0.000000000000   -0.000000000000    0.000000000000    0.000000000000    0.919740303911    0.000000000000   -0.000000000000   -0.000000000000   -0.000000000000   -0.000000000000   -0.000102346166   -0.000000000000    0.000000000000   -0.000000000000
  -0.000111788269   -0.000306141752   -0.000491137719    0.000664829503    0.130066316072    0.870412299920   -0.000000000000   -0.000000000000   -0.000195784951   -0.000000000000   -0.000000000000   -0.006704388107    0.000000000000   -0.000000000000   -2.041968645899    0.000000000000    0.000000000000    0.001217825074    0.000000000000   -0.000000000000    0.000000000000    0.000000000000    0.752821541684    0.000000000000   -0.000000000000   -0.000000000000   -0.000000000000   -0.000000000000   -0.000260104123   -0.000000000000    0.000000000000   -0.000000000000
  -0.000179817044   -0.000491137719   -0.000770633893    0.000997305678    0.002439547566    0.100814786234   -0.000000000000   -0.000000000000   -0.000354716986   -0.000000000000   -0.000000000000    0.006667318704   -0.000000000000    0.000000000000   -0.256889853914    0.000000000000    0.000000000000   -0.000110706209    0.000000000000   -0.000000000000    0.000000000000    0.000000000000    0.031756273745    0.000000000000    0.000000000000    0.000000000000   -0.000000000000   -0.000000000000    0.000390556459   -0.000000000000    0.000000000000   -0.000000000000
   0.000243106779    0.000664829503    0.000997305678   -0.002406929161   -0.058812098277   -0.144894660051    0.000000000000    0.000000000000    0.001277878082   -0.000000000000    0.000000000000    0.027704184472   -0.000000000000    0.000000000000    0.265312122496   -0.000000000000   -0.000000000000   -0.010275456816   -0.000000000000    0.000000000000   -0.000000000000   -0.000000000000   -0.186319939429   -0.000000000000    0.000000000000    0.000000000000    0.000000000000    0.000000000000    0.005966938922    0.000000000000   -0.000000000000    0.000000000000
   0.156597690159    0.130066316072    0.002439547566   -0.058812098277   -0.163736256427   -0.276937451352    0.000000000000   -0.000000000000    0.072245101885   -0.000000000000   -0.000000000000    0.106011393395   -0.000000000000    0.000000000000    0.401192393434   -0.000000000000   -0.000000000000   -0.051703838031   -0.000000000000    0.000000000000   -0.000000000000   -0.000000000000   -0.200131654998   -0.000000000000    0.000000000000    0.000000000000    0.000000000000    0.000000000000    0.010838521899   -0.000000000000   -0.000000000000    0.000000000000
   1.051184761680    0.870412299920    0.100814786234   -0.144894660051   -0.276937451352   -0.307887203474    0.000000000000   -0.000000000000    0.124580865862   -0.000000000000   -0.000000000000    0.130741540097   -0.000000000000    0.000000000000    0.284034688291   -0.000000000000   -0.000000000000   -0.029840703608   -0.000000000000    0.000000000000   -0.000000000000   -0.000000000000   -0.138931889372   -0.000000000000    0.000000000000    0.000000000000    0.000000000000   -0.000000000000    0.005733282522   -0.000000000000   -0.000000000000    0.000000000000
  -0.000000000000   -0.000000000000   -0.000000000000   -0.000000000000   -0.000000000000   -0.000000000000    0.000131281254   -0.000000000000    0.000000000000   -0.003286542608   -0.000000000000   -0.000000000000   -0.102221558161   -0.000000000000    0.000000000000    0.000000000000    0.000000000000   -0.000000000000    0.000604791216   -0.000000000000    0.000000000000   -0.000000000000    0.000000000000    0.085307525653   -0.000000000000    0.000000000000   -0.000000000000    0.000000000000   -0.000000000000   -0.001276555428    0.000000000000    0.000000000000
  -0.000000000000   -0.000000000000   -0.000000000000    0.000000000000    0.000000000000    0.000000000000   -0.000000000000    0.000131281254    0.000000000000   -0.000000000000   -0.003286542608   -0.000000000000   -0.000000000000   -0.102221558161   -0.000000000000    0.000000000000    0.000604791216   -0.000000000000   -0.000000000000   -0.000000000000    0.000000000000    0.085307525653    0.000000000000    0.000000000000   -0.000000000000   -0.000000000000   -0.000000000000   -0.001276555428   -0.000000000000    0.000000000000    0.000000000000    0.000000000000
   0.000068761558    0.000195784951    0.000354716986   -0.001277878082   -0.072245101885   -0.124580865862    0.000000000000    0.000000000000    0.000436219993   -0.000000000000   -0.000000000000    0.033477101466   -0.000000000000    0.000000000000    0.198919888998   -0.000000000000   -0.000000000000   -0.009263324074   -0.000000000000    0.000000000000   -0.000000000000   -0.000000000000   -0.287905328758    0.000000000000    0.000000000000    0.000000000000    0.000000000000    0.000000000000    0.006878248854   -0.000000000000   -0.000000000000    0.000000000000
   0.000000000000    0.000000000000    0.000000000000   -0.000000000000   -0.000000000000   -0.000000000000   -0.003286542608   -0.000000000000    0.000000000000   -0.013785111757   -0.000000000000    0.000000000000   -0.085659347489   -0.000000000000    0.000000000000   -0.000000000000    0.000000000000   -0.000000000000    0.014573179762    0.000000000000   -0.000000000000    0.000000000000   -0.000000000000    0.078752452811    0.000000000000   -0.000000000002   -0.000000000000    0.000000000000   -0.000000000000   -0.009892400758   -0.000000000000   -0.000000000001
   0.000000000000    0.000000000000    0.000000000000   -0.000000000000    0.000000000000    0.000000000000   -0.000000000000   -0.003286542608    0.000000000000   -0.000000000000   -0.013785111757   -0.000000000000   -0.000000000000   -0.085659347489   -0.000000000000   -0.000000000000    0.014573179762    0.000000000000   -0.000000000000    0.000000000000   -0.000000000000    0.078752452811    0.000000000000    0.000000000000    0.000000000000    0.000000000001    0.000000000000   -0.009892400758   -0.000000000000   -0.000000000000   -0.000000000000   -0.000000000002
   0.007742323313    0.006704388107   -0.006667318704   -0.027704184472   -0.106011393395   -0.130741540097   -0.000000000000   -0.000000000000    0.033477101466   -0.000000000000   -0.000000000000    0.089902606954   -0.000000000000    0.000000000000    0.153152942626    0.000000000000    0.000000000000   -0.056773751566    0.000000000000    0.000000000000    0.000000000000    0.000000000000   -0.188574450540    0.000000000000    0.000000000000    0.000000000000    0.000000000000   -0.000000000000    0.026647114156   -0.000000000000   -0.000000000000    0.000000000000
   0.000000000000    0.000000000000    0.000000000000   -0.000000000000   -0.000000000000   -0.000000000000   -0.102221558161   -0.000000000000   -0.000000000000   -0.085659347489   -0.000000000000    0.000000000000   -0.022161754884   -0.000000000000    0.000000000000    0.000000000000    0.000000000000   -0.000000000000    0.046770126100    0.000000000000    0.000000000000    0.000000000000   -0.000000000000    0.015667476963    0.000000000000   -0.000000000036   -0.000000000000   -0.000000000000    0.000000000000   -0.004753962818   -0.000000000000   -0.000000000010
   0.000000000000    0.000000000000    0.000000000000   -0.000000000000   -0.000000000000   -0.000000000000   -0.000000000000   -0.102221558161   -0.000000000000    0.000000000000   -0.085659347489    0.000000000000   -0.000000000000   -0.022161754884   -0.000000000000   -0.000000000000    0.046770126100    0.000000000000   -0.000000000000    0.000000000000   -0.000000000000    0.015667476963    0.000000000000   -0.000000000000    0.000000000000    0.000000000010    0.000000000000   -0.004753962818    0.000000000000   -0.000000000000   -0.000000000000   -0.000000000036
   2.468976902617    2.041968645899    0.256889853914   -0.265312122496   -0.401192393434   -0.284034688291    0.000000000000   -0.000000000000    0.198919888998   -0.000000000000   -0.000000000000    0.153152942626   -0.000000000000    0.000000000000    0.045035426468    0.000000000000    0.000000000000   -0.013519452624    0.000000000000    0.000000000000    0.000000000000    0.000000000000   -0.059725141061    0.000000000000    0.000000000000    0.000000000000   -0.000000000000   -0.000000000000    0.002516237663   -0.000000000000   -0.000000000000    0.000000000000
  -0.000000000000   -0.000000000000   -0.000000000000    0.000000000000    0.000000000000    0.000000000000    0.000000000000   -0.000000000000    0.000000000000   -0.000000000000    0.000000000000   -0.000000000000    0.000000000000    0.000000000000   -0.000000000000   -0.000248135133    0.000000000000    0.000000000000    0.000000000000    0.000000000036   -0.015365764461    0.000000000000   -0.000000000000   -0.000000000000   -0.000000000086    0.000000000000    0.001830521078   -0.000000000000    0.000000000000   -0.000000000000    0.000000000015    0.000000000000
  -0.000000000000   -0.000000000000   -0.000000000000    0.000000000000    0.000000000000    0.000000000000    0.000000000000   -0.000604791216    0.000000000000   -0.000000000000   -0.014573179762   -0.000000000000   -0.000000000000   -0.046770126100   -0.000000000000   -0.000000000000    0.007278445627    0.000000000000   -0.000000000000    0.000000000000   -0.000000000000    0.080270970256    0.000000000000    0.000000000000    0.000000000000    0.000000000001    0.000000000000   -0.011325943867   -0.000000000000   -0.000000000000   -0.000000000000   -0.000000000005
   0.000638549578    0.001217825074   -0.000110706209   -0.010275456816   -0.051703838031   -0.029840703606    0.000000000000    0.000000000000    0.009263324074   -0.000000000000   -0.000000000000    0.056773751567   -0.000000000000   -0.000000000000    0.013519452626   -0.000000000000   -0.000000000000   -0.029095493919   -0.000000000000    0.000000000000   -0.000000000000   -0.000000000000   -0.086784432205   -0.000000000000    0.000000000000   -0.000000000000    0.000000000000    0.000000000000    0.023961800226   -0.000000000000   -0.000000000000    0.000000000000
  -0.000000000000   -0.000000000000    0.000000000000   -0.000000000000   -0.000000000000    0.000000000000   -0.000604791216   -0.000000000000    0.000000000000   -0.014573179762   -0.000000000000   -0.000000000000   -0.046770126100    0.000000000000    0.000000000000    0.000000000000    0.000000000000   -0.000000000000    0.007278445627   -0.000000000000    0.000000000000   -0.000000000000    0.000000000000    0.080270970256   -0.000000000000   -0.000000000005    0.000000000000    0.000000000000   -0.000000000000   -0.011325943867   -0.000000000000   -0.000000000001
  -0.000000000000   -0.000000000000   -0.000000000000    0.000000000000    0.000000000000    0.000000000000   -0.000000000000   -0.000000000000   -0.000000000000   -0.000000000000   -0.000000000000   -0.000000000000   -0.000000000000    0.000000000000    0.000000000000    0.000000000036    0.000000000000    0.000000000000    0.000000000000   -0.000248135112   -0.000000000086   -0.000000000000    0.000000000000    0.000000000000   -0.015365764511    0.000000000000    0.000000000015   -0.000000000000   -0.000000000000    0.000000000000    0.001830521087    0.000000000000
  -0.000000000000   -0.000000000000   -0.000000000000    0.000000000000    0.000000000000    0.000000000000   -0.000000000000   -0.000000000000    0.000000000000   -0.000000000000    0.000000000000   -0.000000000000    0.000000000000    0.000000000000   -0.000000000000   -0.015365764461    0.000000000000   -0.000000000000   -0.000000000000   -0.000000000086   -0.004558125784    0.000000000000   -0.000000000000   -0.000000000000   -0.000000000167    0.000000000000    0.007112799380   -0.000000000000    0.000000000000   -0.000000000000    0.000000000022    0.000000000000
   0.000000000000    0.000000000000    0.000000000000   -0.000000000000   -0.000000000000    0.000000000000    0.000000000000   -0.085307525653    0.000000000000    0.000000000000   -0.078752452811   -0.000000000000   -0.000000000000   -0.015667476963   -0.000000000000   -0.000000000000    0.080270970256   -0.000000000000    0.000000000000    0.000000000000   -0.000000000000   -0.018552601423    0.000000000000    0.000000000000    0.000000000000    0.000000000007    0.000000000000   -0.010207552954   -0.000000000000   -0.000000000000   -0.000000000000   -0.000000000025
   0.919740303911    0.752821541684    0.031756273745   -0.186319939429   -0.200131654998   -0.138931889372   -0.000000000000   -0.000000000000    0.287905328758   -0.000000000000   -0.000000000000    0.188574450541   -0.000000000000   -0.000000000000    0.059725141062    0.000000000000    0.000000000000   -0.086784432202    0.000000000000    0.000000000000    0.000000000000    0.000000000000    0.028948606619    0.000000000000    0.000000000000    0.000000000000    0.000000000000   -0.000000000000   -0.008173011786   -0.000000000000   -0.000000000000    0.000000000000
  -0.000000000000   -0.000000000000    0.000000000000   -0.000000000000   -0.000000000000    0.000000000000   -0.085307525653    0.000000000000    0.000000000000   -0.078752452811   -0.000000000000    0.000000000000   -0.015667476963    0.000000000000    0.000000000000   -0.000000000000   -0.000000000000   -0.000000000000    0.080270970256    0.000000000000    0.000000000000   -0.000000000000    0.000000000000   -0.018552601423    0.000000000000   -0.000000000025   -0.000000000000    0.000000000000   -0.000000000000   -0.010207552954   -0.000000000000   -0.000000000007
  -0.000000000000   -0.000000000000   -0.000000000000    0.000000000000    0.000000000000    0.000000000000    0.000000000000    0.000000000000   -0.000000000000   -0.000000000000    0.000000000000   -0.000000000000   -0.000000000000   -0.000000000000    0.000000000000   -0.000000000086   -0.000000000000    0.000000000000    0.000000000000   -0.015365764511   -0.000000000167   -0.000000000000    0.000000000000    0.000000000000   -0.004558125881    0.000000000000    0.000000000022   -0.000000000000   -0.000000000000    0.000000000000    0.007112799393    0.000000000000
   0.000000000000    0.000000000000   -0.000000000000   -0.000000000000    0.000000000000    0.000000000000    0.000000000000   -0.000000000000    0.000000000000   -0.000000000002    0.000000000001   -0.000000000000   -0.000000000036    0.000000000010   -0.000000000000   -0.000000000000   -0.000000000001   -0.000000000000    0.000000000005    0.000000000000   -0.000000000000   -0.000000000007   -0.000000000000    0.000000000025    0.000000000000   -0.000126521913    0.000000000000    0.000000000000    0.000000000000   -0.000000000001   -0.000000000000   -0.000000000000
   0.000000000000    0.000000000000   -0.000000000000   -0.000000000000   -0.000000000000   -0.000000000000   -0.000000000000   -0.000000000000    0.000000000000   -0.000000000000   -0.000000000000    0.000000000000    0.000000000000   -0.000000000000    0.000000000000   -0.001830521078    0.000000000000   -0.000000000000    0.000000000000   -0.000000000015   -0.007112799380    0.000000000000   -0.000000000000    0.000000000000   -0.000000000022   -0.000000000000    0.002151377657   -0.000000000000    0.000000000000   -0.000000000000    0.000000000004    0.000000000000
  -0.000000000000   -0.000000000000   -0.000000000000   -0.000000000000    0.000000000000    0.000000000000    0.000000000000   -0.001276555428    0.000000000000   -0.000000000000   -0.009892400758    0.000000000000   -0.000000000000   -0.004753962818   -0.000000000000   -0.000000000000    0.011325943867   -0.000000000000   -0.000000000000    0.000000000000   -0.000000000000    0.010207552954   -0.000000000000    0.000000000000    0.000000000000    0.000000000000    0.000000000000   -0.011932600783    0.000000000000   -0.000000000000   -0.000000000000   -0.000000000001
   0.000102346166    0.000260104123   -0.000390556459   -0.005966938922   -0.010838521899   -0.005733282522   -0.000000000000   -0.000000000000    0.006878248854   -0.000000000000   -0.000000000000    0.026647114156   -0.000000000000   -0.000000000000    0.002516237663    0.000000000000    0.000000000000   -0.023961800226    0.000000000000    0.000000000000    0.000000000000    0.000000000000    0.008173011786    0.000000000000    0.000000000000    0.000000000000    0.000000000000   -0.000000000000    0.023829809316   -0.000000000000   -0.000000000000   -0.000000000000
  -0.000000000000   -0.000000000000    0.000000000000   -0.000000000000   -0.000000000000   -0.000000000000   -0.001276555428    0.000000000000    0.000000000000   -0.009892400758    0.000000000000   -0.000000000000   -0.004753962818    0.000000000000    0.000000000000    0.000000000000   -0.000000000000    0.000000000000    0.011325943867   -0.000000000000    0.000000000000   -0.000000000000    0.000000000000    0.010207552954   -0.000000000000   -0.000000000001   -0.000000000000    0.000000000000   -0.000000000000   -0.011932600783   -0.000000000000   -0.000000000000
  -0.000000000000   -0.000000000000   -0.000000000000    0.000000000000    0.000000000000    0.000000000000   -0.000000000000   -0.000000000000   -0.000000000000   -0.000000000000   -0.000000000000   -0.000000000000   -0.000000000000   -0.000000000000   -0.000000000000   -0.000000000015   -0.000000000000    0.000000000000    0.000000000000   -0.001830521087   -0.000000000022   -0.000000000000    0.000000000000    0.000000000000   -0.007112799393    0.000000000000    0.000000000004    0.000000000000   -0.000000000000    0.000000000000    0.002151377659    0.000000000000
   0.000000000000    0.000000000000    0.000000000000    0.000000000000   -0.000000000000   -0.000000000000    0.000000000000    0.000000000000   -0.000000000000   -0.000000000001   -0.000000000002   -0.000000000000   -0.000000000010   -0.000000000036    0.000000000000   -0.000000000000    0.000000000005   -0.000000000000    0.000000000001    0.000000000000   -0.000000000000    0.000000000025   -0.000000000000    0.000000000007    0.000000000000    0.000000000000    0.000000000000   -0.000000000001    0.000000000000   -0.000000000000   -0.000000000000   -0.000126521913
