  -0.000012212809   -0.000033535543   -0.000052874600    0.000081657452    0.155588047715    1.050149847713   -0.000000000000    0.000000000000   -0.000038663421   -0.000000000000   -0.000000000000   -0.007415956365   -0.000000000000    0.000000000000   -2.468759057725    0.000000000120    0.000000000000    0.000571899348    0.000000000000   -0.000000000019    0.000000000072    0.000000000000    0.919537145479    0.000000000000   -0.000000000011    0.000000000000   -0.000000000008    0.000000000000   -0.000072110575   -0.000000000000    0.000000000001    0.000000000000
  -0.000033535543   -0.000091995494   -0.000143554366    0.000222951162    0.127285456982    0.867491912595   -0.000000000000    0.000000000000   -0.000114415423   -0.000000000000   -0.000000000000   -0.005801871292   -0.000000000000    0.000000000000   -2.041163604780    0.000000000338    0.000000000000    0.001036052672    0.000000000000   -0.000000000054    0.000000000199   -0.000000000000    0.752180953349    0.000000000000   -0.000000000032   -0.000000000000   -0.000000000023    0.000000000000   -0.000176224112   -0.000000000000    0.000000000004    0.000000000000
  -0.000052874600   -0.000143554366   -0.000204392423    0.000280266800   -0.002248365615    0.095893164614    0.000000000000    0.000000000000   -0.000234894245   -0.000000000000    0.000000000000    0.008243735936   -0.000000000000    0.000000000000   -0.255353125606    0.000000000616   -0.000000000000   -0.000400800492    0.000000000000   -0.000000000098    0.000000000394   -0.000000000000    0.030066920472    0.000000000000   -0.000000000063   -0.000000000000   -0.000000000030    0.000000000000    0.000541645506   -0.000000000000    0.000000000005    0.000000000000
   0.000081657452    0.000222951162    0.000280266800   -0.001501188685   -0.053665621539   -0.139261987587   -0.000000000000   -0.000000000000    0.001114454398   -0.000000000000    0.000000000000    0.026144773478   -0.000000000000    0.000000000000    0.263563840731   -0.000000000843   -0.000000000000   -0.010041977908    0.000000000000    0.000000000134   -0.000000000329   -0.000000000000   -0.187111104882    0.000000000000    0.000000000052    0.000000000000    0.000000000100   -0.000000000000    0.005877378135   -0.000000000000   -0.000000000016   -0.000000000000
   0.155588047715    0.127285456982   -0.002248365615   -0.053665621539   -0.131743469793   -0.242797638118   -0.000000000000   -0.000000000000    0.072401648881    0.000000000000    0.000000000000    0.096864580691   -0.000000000000    0.000000000000    0.389717039891   -0.000000007096    0.000000000000   -0.051673323200    0.000000000000    0.000000001127   -0.000000003275   -0.000000000000   -0.200428200689    0.000000000000    0.000000000520   -0.000000000000    0.000000000024   -0.000000000000    0.010982557134    0.000000000000   -0.000000000004   -0.000000000000
   1.050149847713    0.867491912595    0.095893164614   -0.139261987587   -0.242797638118   -0.272667686169    0.000000000000   -0.000000000000    0.126891724744    0.000000000000   -0.000000000000    0.120218839024   -0.000000000000    0.000000000000    0.266491622952   -0.000000009449    0.000000000000   -0.030047405596    0.000000000000    0.000000001500   -0.000000004376   -0.000000000000   -0.139230371378    0.000000000000    0.000000000695   -0.000000000000   -0.000000002303   -0.000000000000    0.005072227516    0.000000000000    0.000000000366    0.000000000000
  -0.000000000000   -0.000000000000   -0.000000000000    0.000000000000   -0.000000000000   -0.000000000000    0.000164002032   -0.000000000122   -0.000000000000   -0.002989240948   -0.000000000269   -0.000000000000   -0.101753881095   -0.000000000333    0.000000000000    0.000000000000    0.000000000648    0.000000000000    0.000473476707    0.000000000000    0.000000000000    0.000000000584   -0.000000000000    0.085077719516    0.000000000000   -0.000000000031   -0.000000000000   -0.000000000148    0.000000000000   -0.001180266503   -0.000000000000    0.000000000005
  -0.000000000000    0.000000000000    0.000000000000   -0.000000000000    0.000000000000    0.000000000000   -0.000000000122    0.000164001993   -0.000000000000   -0.000000000269   -0.002989241033    0.000000000000   -0.000000000333   -0.101753881201   -0.000000000000   -0.000000000000    0.000473476913    0.000000000000    0.000000000648   -0.000000000000   -0.000000000000    0.085077719702    0.000000000000    0.000000000584   -0.000000000000    0.000000000005   -0.000000000000   -0.001180266550    0.000000000000   -0.000000000148    0.000000000000    0.000000000031
   0.000038663421    0.000114415423    0.000234894245   -0.001114454398   -0.072401648881   -0.126891724744    0.000000000000   -0.000000000000    0.000279623069   -0.000000000000    0.000000000000    0.033753196418   -0.000000000000    0.000000000000    0.205744392066    0.000000000489   -0.000000000000   -0.009069983379   -0.000000000000   -0.000000000078    0.000000000938   -0.000000000000   -0.291357036535    0.000000000000   -0.000000000149    0.000000000000    0.000000000020    0.000000000000    0.006897573298   -0.000000000000   -0.000000000003    0.000000000000
   0.000000000000    0.000000000000    0.000000000000   -0.000000000000   -0.000000000000   -0.000000000000   -0.002989240948   -0.000000000269   -0.000000000000   -0.012344544967    0.000000001076   -0.000000000000   -0.083948700062    0.000000003560    0.000000000000   -0.000000000000   -0.000000000935    0.000000000000    0.014166843327   -0.000000000000   -0.000000000000   -0.000000004537   -0.000000000000    0.078686019093   -0.000000000000   -0.000000000221    0.000000000000    0.000000000510   -0.000000000000   -0.009789797573    0.000000000000    0.000000000035
  -0.000000000000   -0.000000000000   -0.000000000000    0.000000000000    0.000000000000    0.000000000000   -0.000000000269   -0.002989241033    0.000000000000    0.000000001076   -0.012344544626    0.000000000000    0.000000003560   -0.083948698931   -0.000000000000    0.000000000000    0.014166843030   -0.000000000000   -0.000000000935    0.000000000000    0.000000000000    0.078686017652    0.000000000000   -0.000000004537    0.000000000000    0.000000000035   -0.000000000000   -0.009789797411    0.000000000000    0.000000000510   -0.000000000000    0.000000000221
   0.007415956365    0.005801871293   -0.008243735936   -0.026144773478   -0.096864580691   -0.120218839024   -0.000000000000   -0.000000000000    0.033753196418   -0.000000000000    0.000000000000    0.084753571129   -0.000000000000    0.000000000000    0.142062280920   -0.000000006503    0.000000000000   -0.057762532540    0.000000000000    0.000000001033   -0.000000003145   -0.000000000000   -0.191745477189    0.000000000000    0.000000000499    0.000000000000    0.000000000628   -0.000000000000    0.026974090812   -0.000000000000   -0.000000000100    0.000000000000
   0.000000000000    0.000000000000    0.000000000000    0.000000000000    0.000000000000   -0.000000000000   -0.101753881095   -0.000000000333   -0.000000000000   -0.083948700062    0.000000003560   -0.000000000000   -0.021401226316    0.000000007434    0.000000000000   -0.000000000000   -0.000000016102    0.000000000000    0.048030540481    0.000000000000   -0.000000000000   -0.000000014370   -0.000000000000    0.018024337519    0.000000000000   -0.000000000698    0.000000000000    0.000000001720   -0.000000000000   -0.005508899325    0.000000000000    0.000000000111
  -0.000000000000   -0.000000000000   -0.000000000000   -0.000000000000    0.000000000000    0.000000000000   -0.000000000333   -0.101753881201    0.000000000000    0.000000003560   -0.083948698931    0.000000000000    0.000000007434   -0.021401223955   -0.000000000000   -0.000000000000    0.048030535367   -0.000000000000   -0.000000016102   -0.000000000000   -0.000000000000    0.018024332956    0.000000000000   -0.000000014370   -0.000000000000    0.000000000111    0.000000000000   -0.005508898779   -0.000000000000    0.000000001720   -0.000000000000    0.000000000698
   2.468759057725    2.041163604780    0.255353125606   -0.263563840731   -0.389717039891   -0.266491622952    0.000000000000   -0.000000000000    0.205744392066    0.000000000000   -0.000000000000    0.142062280920   -0.000000000000    0.000000000000   -0.009897045939   -0.000000015797    0.000000000000   -0.016962640932    0.000000000000    0.000000002508   -0.000000008648   -0.000000000000   -0.057407717628    0.000000000000    0.000000001373   -0.000000000000   -0.000000004366   -0.000000000000    0.000798452840    0.000000000000    0.000000000693    0.000000000000
   0.000000000120    0.000000000338    0.000000000616   -0.000000000843   -0.000000007096   -0.000000009449    0.000000000000   -0.000000000000   -0.000000000489    0.000000000000    0.000000000000    0.000000006503    0.000000000000    0.000000000000    0.000000015797   -0.000153687197    0.000000000000   -0.000000000528    0.000000000000   -0.000000000000   -0.015392911630   -0.000000000000   -0.000000006520   -0.000000000000    0.000000000000   -0.000000000000    0.001776625099   -0.000000000000    0.000000000764   -0.000000000000   -0.000000000000    0.000000000000
  -0.000000000000   -0.000000000000   -0.000000000000    0.000000000000    0.000000000000    0.000000000000   -0.000000000648   -0.000473476913    0.000000000000    0.000000000935   -0.014166843030    0.000000000000    0.000000016102   -0.048030535367   -0.000000000000    0.000000000000    0.006697275464   -0.000000000000    0.000000003897    0.000000000000    0.000000000000    0.082085979670    0.000000000000   -0.000000008075    0.000000000000    0.000000000025    0.000000000000   -0.011271730458    0.000000000000    0.000000000010   -0.000000000000    0.000000000157
   0.000571899348    0.001036052672   -0.000400800492   -0.010041977908   -0.051673323200   -0.030047405594    0.000000000000   -0.000000000000    0.009069983379   -0.000000000000   -0.000000000000    0.057762532540   -0.000000000000   -0.000000000000    0.016962640933   -0.000000000528   -0.000000000000   -0.029444308860   -0.000000000000    0.000000000084    0.000000000016    0.000000000000   -0.092021994898    0.000000000000   -0.000000000002    0.000000000000    0.000000000056    0.000000000000    0.024450454782   -0.000000000000   -0.000000000009    0.000000000000
  -0.000000000000    0.000000000000    0.000000000000    0.000000000000    0.000000000000    0.000000000000   -0.000473476707   -0.000000000648    0.000000000000   -0.014166843327    0.000000000935   -0.000000000000   -0.048030540481    0.000000016102   -0.000000000000    0.000000000000    0.000000003897    0.000000000000    0.006697274226    0.000000000000    0.000000000000   -0.000000008075   -0.000000000000    0.082085982235    0.000000000000   -0.000000000157   -0.000000000000    0.000000000010    0.000000000000   -0.011271730461   -0.000000000000    0.000000000025
  -0.000000000019   -0.000000000054   -0.000000000098    0.000000000134    0.000000001127    0.000000001500    0.000000000000   -0.000000000000    0.000000000078    0.000000000000   -0.000000000000   -0.000000001033   -0.000000000000    0.000000000000   -0.000000002508   -0.000000000000    0.000000000000    0.000000000084   -0.000000000000   -0.000153687197    0.000000000000   -0.000000000000    0.000000001035    0.000000000000   -0.015392911630    0.000000000000   -0.000000000000   -0.000000000000   -0.000000000121    0.000000000000    0.001776625099   -0.000000000000
   0.000000000072    0.000000000199    0.000000000394   -0.000000000329   -0.000000003275   -0.000000004376   -0.000000000000   -0.000000000000   -0.000000000938    0.000000000000    0.000000000000    0.000000003145    0.000000000000   -0.000000000000    0.000000008648   -0.015392911630    0.000000000000    0.000000000016    0.000000000000    0.000000000000   -0.005625195146    0.000000000000   -0.000000002128   -0.000000000000    0.000000000000   -0.000000000000    0.007328642882   -0.000000000000    0.000000000787   -0.000000000000   -0.000000000000    0.000000000000
   0.000000000000    0.000000000000   -0.000000000000   -0.000000000000   -0.000000000000   -0.000000000000   -0.000000000584   -0.085077719702    0.000000000000    0.000000004537   -0.078686017652    0.000000000000    0.000000014370   -0.018024332956   -0.000000000000   -0.000000000000    0.082085979670    0.000000000000   -0.000000008075   -0.000000000000   -0.000000000000   -0.011906247786    0.000000000000   -0.000000009474   -0.000000000000    0.000000000151    0.000000000000   -0.012242214659   -0.000000000000    0.000000001400   -0.000000000000    0.000000000951
   0.919537145479    0.752180953349    0.030066920472   -0.187111104882   -0.200428200690   -0.139230371378    0.000000000000   -0.000000000000    0.291357036535    0.000000000000   -0.000000000000    0.191745477189    0.000000000000   -0.000000000000    0.057407717628   -0.000000006520    0.000000000000   -0.092021994896   -0.000000000000    0.000000001035   -0.000000002128    0.000000000000    0.019528278565    0.000000000000    0.000000000338   -0.000000000000   -0.000000000352   -0.000000000000   -0.005250733934   -0.000000000000    0.000000000056    0.000000000000
   0.000000000000    0.000000000000    0.000000000000    0.000000000000   -0.000000000000   -0.000000000000   -0.085077719516   -0.000000000584   -0.000000000000   -0.078686019093    0.000000004537   -0.000000000000   -0.018024337519    0.000000014370    0.000000000000   -0.000000000000   -0.000000008075    0.000000000000    0.082085982235    0.000000000000   -0.000000000000   -0.000000009474   -0.000000000000   -0.011906244777   -0.000000000000   -0.000000000951    0.000000000000    0.000000001400   -0.000000000000   -0.012242215103    0.000000000000    0.000000000151
  -0.000000000011   -0.000000000032   -0.000000000063    0.000000000052    0.000000000520    0.000000000695   -0.000000000000   -0.000000000000    0.000000000149    0.000000000000   -0.000000000000   -0.000000000499   -0.000000000000   -0.000000000000   -0.000000001373    0.000000000000    0.000000000000   -0.000000000002   -0.000000000000   -0.015392911630    0.000000000000   -0.000000000000    0.000000000338    0.000000000000   -0.005625195146   -0.000000000000   -0.000000000000   -0.000000000000   -0.000000000125    0.000000000000    0.007328642881   -0.000000000000
  -0.000000000000   -0.000000000000   -0.000000000000   -0.000000000000    0.000000000000    0.000000000000   -0.000000000031    0.000000000005    0.000000000000   -0.000000000221    0.000000000035   -0.000000000000   -0.000000000698    0.000000000111   -0.000000000000    0.000000000000   -0.000000000025   -0.000000000000    0.000000000157   -0.000000000000    0.000000000000   -0.000000000151    0.000000000000    0.000000000951    0.000000000000   -0.000116840430   -0.000000000000    0.000000000015    0.000000000000   -0.000000000093   -0.000000000000   -0.000000000000
   0.000000000008    0.000000000023    0.000000000030   -0.000000000100   -0.000000000024    0.000000002303    0.000000000000    0.000000000000    0.000000000020    0.000000000000    0.000000000000    0.000000000628    0.000000000000    0.000000000000   -0.000000004366   -0.001776625099    0.000000000000   -0.000000000056   -0.000000000000    0.000000000000   -0.007328642882    0.000000000000    0.000000000352   -0.000000000000    0.000000000000   -0.000000000000    0.002102807876   -0.000000000000    0.000000000088   -0.000000000000   -0.000000000000    0.000000000000
  -0.000000000000   -0.000000000000   -0.000000000000    0.000000000000    0.000000000000    0.000000000000   -0.000000000148   -0.001180266550    0.000000000000    0.000000000510   -0.009789797411    0.000000000000    0.000000001720   -0.005508898779   -0.000000000000    0.000000000000    0.011271730458   -0.000000000000   -0.000000000010    0.000000000000    0.000000000000    0.012242214659   -0.000000000000   -0.000000001400    0.000000000000    0.000000000015   -0.000000000000   -0.011974593021    0.000000000000    0.000000000077   -0.000000000000    0.000000000093
   0.000072110575    0.000176224112   -0.000541645506   -0.005877378135   -0.010982557134   -0.005072227516    0.000000000000   -0.000000000000    0.006897573298   -0.000000000000   -0.000000000000    0.026974090812   -0.000000000000   -0.000000000000    0.000798452840   -0.000000000764    0.000000000000   -0.024450454782   -0.000000000000    0.000000000121   -0.000000000787    0.000000000000    0.005250733934    0.000000000000    0.000000000125    0.000000000000    0.000000000088    0.000000000000    0.024169245625   -0.000000000000   -0.000000000014    0.000000000000
  -0.000000000000   -0.000000000000   -0.000000000000    0.000000000000    0.000000000000    0.000000000000   -0.001180266503   -0.000000000148    0.000000000000   -0.009789797573    0.000000000510   -0.000000000000   -0.005508899325    0.000000001720    0.000000000000    0.000000000000   -0.000000000010   -0.000000000000    0.011271730461    0.000000000000    0.000000000000   -0.000000001400   -0.000000000000    0.012242215103    0.000000000000   -0.000000000093   -0.000000000000    0.000000000077    0.000000000000   -0.011974593046   -0.000000000000    0.000000000015
  -0.000000000001   -0.000000000004   -0.000000000005    0.000000000016    0.000000000004   -0.000000000366   -0.000000000000   -0.000000000000   -0.000000000003    0.000000000000    0.000000000000   -0.000000000100    0.000000000000   -0.000000000000    0.000000000693    0.000000000000    0.000000000000    0.000000000009   -0.000000000000   -0.001776625099    0.000000000000    0.000000000000   -0.000000000056   -0.000000000000   -0.007328642881   -0.000000000000   -0.000000000000   -0.000000000000   -0.000000000014    0.000000000000    0.002102807875   -0.000000000000
   0.000000000000   -0.000000000000   -0.000000000000    0.000000000000    0.000000000000   -0.000000000000    0.000000000005    0.000000000031   -0.000000000000    0.000000000035    0.000000000221   -0.000000000000    0.000000000111    0.000000000698    0.000000000000   -0.000000000000   -0.000000000157    0.000000000000   -0.000000000025    0.000000000000   -0.000000000000   -0.000000000951   -0.000000000000   -0.000000000151    0.000000000000    0.000000000000    0.000000000000    0.000000000093    0.000000000000    0.000000000015   -0.000000000000   -0.000116840430
