  -0.000014208064   -0.000038979490   -0.000061620668    0.000092613139    0.155632556760    1.050080881378   -0.000000000000    0.000000000000   -0.000041786197   -0.000000000000   -0.000000000000   -0.007425510911   -0.000000000000    0.000000000000   -2.468443175494    0.000000000000    0.000000000000    0.000575709349   -0.000000000000    0.000000000000   -0.000000000000    0.000000000000    0.919432416141    0.000000000000    0.000000000000    0.000000000000    0.000000000000   -0.000000000000   -0.000071301159   -0.000000000000   -0.000000000000    0.000000000000
  -0.000038979490   -0.000106850772   -0.000167431892    0.000252836156    0.127426752117    0.867437647707   -0.000000000000    0.000000000000   -0.000122860121   -0.000000000000   -0.000000000000   -0.005829223581   -0.000000000000    0.000000000000   -2.040617085099    0.000000000000    0.000000000000    0.001046497050   -0.000000000000    0.000000000000   -0.000000000000    0.000000000000    0.752012002518    0.000000000000   -0.000000000000    0.000000000000    0.000000000000   -0.000000000000   -0.000174064516   -0.000000000000   -0.000000000000    0.000000000000
  -0.000061620668   -0.000167431892   -0.000242672229    0.000328423941   -0.002076312827    0.095523400558   -0.000000000000    0.000000000000   -0.000248541363   -0.000000000000   -0.000000000000    0.008207785708   -0.000000000000    0.000000000000   -0.253837017307    0.000000000000    0.000000000000   -0.000382991436   -0.000000000000    0.000000000000   -0.000000000000    0.000000000000    0.029510197158    0.000000000000   -0.000000000000    0.000000000000    0.000000000000   -0.000000000000    0.000545019007   -0.000000000000    0.000000000000    0.000000000000
   0.000092613139    0.000252836156    0.000328423941   -0.001563014327   -0.054232979027   -0.140571055946    0.000000000000   -0.000000000000    0.001131527420   -0.000000000000    0.000000000000    0.026265388060   -0.000000000000    0.000000000000    0.265664117284    0.000000000000   -0.000000000000   -0.010077722347    0.000000000000   -0.000000000000    0.000000000000   -0.000000000000   -0.188158736582    0.000000000000   -0.000000000000    0.000000000000    0.000000000000    0.000000000000    0.005881696705   -0.000000000000   -0.000000000000   -0.000000000000
   0.155632556760    0.127426752117   -0.002076312827   -0.054232979027   -0.134763692426   -0.246805613474   -0.000000000000    0.000000000000    0.072637536830   -0.000000000000    0.000000000000    0.098029806080   -0.000000000000    0.000000000000    0.393259604578    0.000000000000   -0.000000000000   -0.052126259507    0.000000000000    0.000000000000    0.000000000000   -0.000000000000   -0.202577415214    0.000000000000    0.000000000000   -0.000000000000   -0.000000000000    0.000000000000    0.011086985126   -0.000000000000   -0.000000000000   -0.000000000000
   1.050080881378    0.867437647707    0.095523400558   -0.140571055946   -0.246805613474   -0.277453172545   -0.000000000000    0.000000000000    0.127153214091   -0.000000000000    0.000000000000    0.121877746867   -0.000000000000    0.000000000000    0.270530819295    0.000000000000   -0.000000000000   -0.030612202562    0.000000000000    0.000000000000   -0.000000000000   -0.000000000000   -0.140521125637    0.000000000000   -0.000000000000   -0.000000000000   -0.000000000000    0.000000000000    0.005099025654   -0.000000000000   -0.000000000000    0.000000000000
   0.000000000000    0.000000000000    0.000000000000   -0.000000000000   -0.000000000000   -0.000000000000    0.000161470348    0.000000000000   -0.000000000000   -0.003009788129    0.000000000000    0.000000000000   -0.102043796983    0.000000000000    0.000000000000   -0.000000000000    0.000000000000    0.000000000000    0.000485799557   -0.000000000000    0.000000000000   -0.000000000000   -0.000000000000    0.085308357467    0.000000000000   -0.000000000000    0.000000000000   -0.000000000000   -0.000000000000   -0.001187313049    0.000000000000    0.000000000000
  -0.000000000000   -0.000000000000   -0.000000000000    0.000000000000    0.000000000000    0.000000000000    0.000000000000    0.000161470348   -0.000000000000   -0.000000000000   -0.003009788129   -0.000000000000   -0.000000000000   -0.102043796983   -0.000000000000    0.000000000000    0.000485799557    0.000000000000    0.000000000000    0.000000000000   -0.000000000000    0.085308357467    0.000000000000   -0.000000000000   -0.000000000000    0.000000000000   -0.000000000000   -0.001187313049   -0.000000000000   -0.000000000000   -0.000000000000   -0.000000000000
   0.000041786197    0.000122860121    0.000248541363   -0.001131527420   -0.072637536830   -0.127153214091   -0.000000000000    0.000000000000    0.000287765939   -0.000000000000   -0.000000000000    0.033813788063   -0.000000000000   -0.000000000000    0.205893877335    0.000000000000   -0.000000000000   -0.009082523649    0.000000000000    0.000000000000   -0.000000000000    0.000000000000   -0.292064795122    0.000000000000   -0.000000000000    0.000000000000   -0.000000000000    0.000000000000    0.006904320368   -0.000000000000   -0.000000000000   -0.000000000000
   0.000000000000    0.000000000000   -0.000000000000   -0.000000000000   -0.000000000000   -0.000000000000   -0.003009788129    0.000000000000    0.000000000000   -0.012497640125    0.000000000000    0.000000000000   -0.084933242478    0.000000000000    0.000000000000   -0.000000000000   -0.000000000000   -0.000000000000    0.014208928610   -0.000000000000    0.000000000000   -0.000000000000   -0.000000000000    0.079549262053   -0.000000000000   -0.000000000000    0.000000000000   -0.000000000000    0.000000000000   -0.009843303537    0.000000000000    0.000000000000
  -0.000000000000   -0.000000000000   -0.000000000000    0.000000000000    0.000000000000    0.000000000000    0.000000000000   -0.003009788129    0.000000000000   -0.000000000000   -0.012497640125   -0.000000000000   -0.000000000000   -0.084933242478   -0.000000000000    0.000000000000    0.014208928610   -0.000000000000    0.000000000000   -0.000000000000   -0.000000000000    0.079549262053   -0.000000000000   -0.000000000000   -0.000000000000    0.000000000000    0.000000000000   -0.009843303537    0.000000000000   -0.000000000000   -0.000000000000   -0.000000000000
   0.007425510911    0.005829223581   -0.008207785708   -0.026265388060   -0.098029806080   -0.121877746867    0.000000000000    0.000000000000    0.033813788063   -0.000000000000   -0.000000000000    0.085694143375   -0.000000000000   -0.000000000000    0.144739895761   -0.000000000000    0.000000000000   -0.058043794791   -0.000000000000   -0.000000000000   -0.000000000000    0.000000000000   -0.194231013441   -0.000000000000   -0.000000000000    0.000000000000    0.000000000000   -0.000000000000    0.027186215873   -0.000000000000   -0.000000000000   -0.000000000000
  -0.000000000000   -0.000000000000   -0.000000000000   -0.000000000000   -0.000000000000   -0.000000000000   -0.102043796983    0.000000000000    0.000000000000   -0.084933242478   -0.000000000000    0.000000000000   -0.024328931962    0.000000000000    0.000000000000   -0.000000000000   -0.000000000000   -0.000000000000    0.048214311684   -0.000000000000   -0.000000000000   -0.000000000000   -0.000000000000    0.019759397451   -0.000000000000    0.000000000000   -0.000000000000   -0.000000000000    0.000000000000   -0.005587064082    0.000000000000   -0.000000000000
   0.000000000000    0.000000000000    0.000000000000   -0.000000000000   -0.000000000000   -0.000000000000   -0.000000000000   -0.102043796983    0.000000000000   -0.000000000000   -0.084933242478    0.000000000000   -0.000000000000   -0.024328931962   -0.000000000000   -0.000000000000    0.048214311684   -0.000000000000   -0.000000000000   -0.000000000000   -0.000000000000    0.019759397451   -0.000000000000   -0.000000000000   -0.000000000000    0.000000000000    0.000000000000   -0.005587064082    0.000000000000   -0.000000000000    0.000000000000   -0.000000000000
   2.468443175494    2.040617085099    0.253837017307   -0.265664117284   -0.393259604578   -0.270530819295   -0.000000000000    0.000000000000    0.205893877335   -0.000000000000   -0.000000000000    0.144739895761   -0.000000000000    0.000000000000   -0.002888043012    0.000000000000    0.000000000000   -0.017476453167   -0.000000000000   -0.000000000000   -0.000000000000   -0.000000000000   -0.058726101866   -0.000000000000   -0.000000000000   -0.000000000000   -0.000000000000    0.000000000000    0.000940362035   -0.000000000000   -0.000000000000    0.000000000000
  -0.000000000000   -0.000000000000   -0.000000000000    0.000000000000    0.000000000000    0.000000000000    0.000000000000   -0.000000000000    0.000000000000   -0.000000000000    0.000000000000   -0.000000000000   -0.000000000000   -0.000000000000    0.000000000000   -0.000166700696   -0.000000000000   -0.000000000000    0.000000000000    0.000000000000   -0.015468444327    0.000000000000   -0.000000000000   -0.000000000000   -0.000000000000    0.000000000000    0.001779826021    0.000000000000   -0.000000000000   -0.000000000000   -0.000000000000   -0.000000000000
  -0.000000000000   -0.000000000000   -0.000000000000    0.000000000000    0.000000000000    0.000000000000    0.000000000000   -0.000485799557   -0.000000000000    0.000000000000   -0.014208928610   -0.000000000000   -0.000000000000   -0.048214311684   -0.000000000000    0.000000000000    0.006754977951    0.000000000000    0.000000000000    0.000000000000    0.000000000000    0.082583866874    0.000000000000    0.000000000000    0.000000000000    0.000000000000    0.000000000000   -0.011300365738   -0.000000000000    0.000000000000    0.000000000000    0.000000000000
   0.000575709349    0.001046497050   -0.000382991436   -0.010077722347   -0.052126259506   -0.030612202560    0.000000000000    0.000000000000    0.009082523649   -0.000000000000   -0.000000000000    0.058043794792   -0.000000000000   -0.000000000000    0.017476453169    0.000000000000   -0.000000000000   -0.029428752338    0.000000000000    0.000000000000   -0.000000000000    0.000000000000   -0.093007590082   -0.000000000000   -0.000000000000    0.000000000000    0.000000000000    0.000000000000    0.024540837314   -0.000000000000   -0.000000000000   -0.000000000000
   0.000000000000    0.000000000000    0.000000000000   -0.000000000000   -0.000000000000   -0.000000000000   -0.000485799557    0.000000000000   -0.000000000000   -0.014208928610    0.000000000000    0.000000000000   -0.048214311684   -0.000000000000    0.000000000000    0.000000000000    0.000000000000   -0.000000000000    0.006754977951    0.000000000000   -0.000000000000   -0.000000000000   -0.000000000000    0.082583866874   -0.000000000000    0.000000000000   -0.000000000000    0.000000000000   -0.000000000000   -0.011300365738   -0.000000000000    0.000000000000
  -0.000000000000   -0.000000000000   -0.000000000000    0.000000000000    0.000000000000    0.000000000000    0.000000000000   -0.000000000000   -0.000000000000    0.000000000000   -0.000000000000    0.000000000000    0.000000000000    0.000000000000    0.000000000000   -0.000000000000   -0.000000000000    0.000000000000   -0.000000000000   -0.000166700696    0.000000000000   -0.000000000000    0.000000000000    0.000000000000   -0.015468444327   -0.000000000000   -0.000000000000   -0.000000000000   -0.000000000000    0.000000000000    0.001779826021   -0.000000000000
   0.000000000000    0.000000000000    0.000000000000   -0.000000000000   -0.000000000000   -0.000000000000   -0.000000000000    0.000000000000   -0.000000000000   -0.000000000000    0.000000000000    0.000000000000   -0.000000000000   -0.000000000000    0.000000000000   -0.015468444327    0.000000000000   -0.000000000000    0.000000000000    0.000000000000   -0.006267562176    0.000000000000   -0.000000000000   -0.000000000000   -0.000000000000    0.000000000000    0.007435176310    0.000000000000    0.000000000000   -0.000000000000   -0.000000000000   -0.000000000000
  -0.000000000000   -0.000000000000   -0.000000000000    0.000000000000    0.000000000000    0.000000000000   -0.000000000000   -0.085308357467    0.000000000000   -0.000000000000   -0.079549262053   -0.000000000000   -0.000000000000   -0.019759397451   -0.000000000000   -0.000000000000    0.082583866874   -0.000000000000   -0.000000000000   -0.000000000000   -0.000000000000   -0.009232086631   -0.000000000000   -0.000000000000   -0.000000000000   -0.000000000000    0.000000000000   -0.012623667982   -0.000000000000    0.000000000000    0.000000000000    0.000000000000
   0.919432416141    0.752012002518    0.029510197158   -0.188158736582   -0.202577415214   -0.140521125637   -0.000000000000    0.000000000000    0.292064795122   -0.000000000000   -0.000000000000    0.194231013442   -0.000000000000   -0.000000000000    0.058726101866    0.000000000000    0.000000000000   -0.093007590083   -0.000000000000    0.000000000000   -0.000000000000    0.000000000000    0.017578988477   -0.000000000000   -0.000000000000    0.000000000000    0.000000000000    0.000000000000   -0.004857526964   -0.000000000000   -0.000000000000   -0.000000000000
   0.000000000000   -0.000000000000   -0.000000000000   -0.000000000000   -0.000000000000   -0.000000000000   -0.085308357467    0.000000000000    0.000000000000   -0.079549262053    0.000000000000    0.000000000000   -0.019759397451    0.000000000000    0.000000000000   -0.000000000000   -0.000000000000   -0.000000000000    0.082583866874   -0.000000000000   -0.000000000000   -0.000000000000   -0.000000000000   -0.009232086631   -0.000000000000    0.000000000000   -0.000000000000    0.000000000000    0.000000000000   -0.012623667982    0.000000000000    0.000000000000
  -0.000000000000   -0.000000000000   -0.000000000000    0.000000000000    0.000000000000    0.000000000000   -0.000000000000   -0.000000000000   -0.000000000000    0.000000000000   -0.000000000000   -0.000000000000   -0.000000000000    0.000000000000   -0.000000000000   -0.000000000000    0.000000000000    0.000000000000   -0.000000000000   -0.015468444327    0.000000000000    0.000000000000    0.000000000000    0.000000000000   -0.006267562176   -0.000000000000    0.000000000000   -0.000000000000   -0.000000000000    0.000000000000    0.007435176310   -0.000000000000
  -0.000000000000    0.000000000000   -0.000000000000   -0.000000000000   -0.000000000000    0.000000000000   -0.000000000000    0.000000000000    0.000000000000    0.000000000000   -0.000000000000    0.000000000000    0.000000000000    0.000000000000   -0.000000000000   -0.000000000000   -0.000000000000    0.000000000000    0.000000000000    0.000000000000   -0.000000000000   -0.000000000000   -0.000000000000    0.000000000000    0.000000000000   -0.000117588520   -0.000000000000    0.000000000000   -0.000000000000   -0.000000000000   -0.000000000000   -0.000000000000
   0.000000000000    0.000000000000    0.000000000000   -0.000000000000   -0.000000000000   -0.000000000000    0.000000000000   -0.000000000000   -0.000000000000   -0.000000000000   -0.000000000000   -0.000000000000   -0.000000000000   -0.000000000000    0.000000000000   -0.001779826021   -0.000000000000    0.000000000000    0.000000000000    0.000000000000   -0.007435176310    0.000000000000    0.000000000000   -0.000000000000   -0.000000000000    0.000000000000    0.002107481475    0.000000000000   -0.000000000000   -0.000000000000   -0.000000000000   -0.000000000000
   0.000000000000    0.000000000000    0.000000000000   -0.000000000000   -0.000000000000   -0.000000000000   -0.000000000000   -0.001187313049    0.000000000000   -0.000000000000   -0.009843303537   -0.000000000000   -0.000000000000   -0.005587064082   -0.000000000000   -0.000000000000    0.011300365738   -0.000000000000   -0.000000000000   -0.000000000000   -0.000000000000    0.012623667982   -0.000000000000    0.000000000000   -0.000000000000    0.000000000000    0.000000000000   -0.011997799799    0.000000000000    0.000000000000    0.000000000000    0.000000000000
   0.000071301159    0.000174064516   -0.000545019007   -0.005881696705   -0.011086985126   -0.005099025653    0.000000000000   -0.000000000000    0.006904320368   -0.000000000000   -0.000000000000    0.027186215873   -0.000000000000   -0.000000000000    0.000940362035   -0.000000000000    0.000000000000   -0.024540837315   -0.000000000000   -0.000000000000   -0.000000000000    0.000000000000    0.004857526964   -0.000000000000   -0.000000000000    0.000000000000    0.000000000000   -0.000000000000    0.024240995682   -0.000000000000   -0.000000000000   -0.000000000000
  -0.000000000000   -0.000000000000   -0.000000000000   -0.000000000000   -0.000000000000   -0.000000000000   -0.001187313049    0.000000000000    0.000000000000   -0.009843303537   -0.000000000000    0.000000000000   -0.005587064082   -0.000000000000    0.000000000000    0.000000000000   -0.000000000000   -0.000000000000    0.011300365738   -0.000000000000   -0.000000000000   -0.000000000000   -0.000000000000    0.012623667982   -0.000000000000    0.000000000000   -0.000000000000    0.000000000000    0.000000000000   -0.011997799799    0.000000000000    0.000000000000
  -0.000000000000   -0.000000000000   -0.000000000000    0.000000000000    0.000000000000    0.000000000000    0.000000000000   -0.000000000000   -0.000000000000    0.000000000000   -0.000000000000   -0.000000000000   -0.000000000000   -0.000000000000   -0.000000000000    0.000000000000   -0.000000000000    0.000000000000    0.000000000000   -0.001779826021    0.000000000000    0.000000000000    0.000000000000    0.000000000000   -0.007435176310   -0.000000000000   -0.000000000000   -0.000000000000   -0.000000000000   -0.000000000000    0.002107481475   -0.000000000000
   0.000000000000    0.000000000000    0.000000000000   -0.000000000000    0.000000000000    0.000000000000   -0.000000000000   -0.000000000000   -0.000000000000   -0.000000000000    0.000000000000    0.000000000000   -0.000000000000    0.000000000000   -0.000000000000   -0.000000000000   -0.000000000000    0.000000000000    0.000000000000   -0.000000000000   -0.000000000000   -0.000000000000    0.000000000000    0.000000000000   -0.000000000000    0.000000000000    0.000000000000    0.000000000000   -0.000000000000   -0.000000000000    0.000000000000   -0.000117588520
