  -0.000043720473   -0.000119795869   -0.000192354190    0.000261166570    0.156734095339    1.051433713031   -0.000000000000   -0.000000000000   -0.000077415302   -0.000000000000    0.000000000000   -0.007793723708   -0.000000000000    0.000000000000   -2.469234173601   -0.000000000000    0.000000000000    0.000702602336    0.000000000000    0.000000000000   -0.000000000000   -0.000000000000    0.919896930742    0.000000000000    0.000000000000    0.000000000000   -0.000000000000    0.000000000000   -0.000111810413   -0.000000000000   -0.000000000000    0.000000000000
  -0.000119795869   -0.000328180149   -0.000525659134    0.000714631890    0.130425361249    0.870972438132   -0.000000000000   -0.000000000000   -0.000219511294   -0.000000000000    0.000000000000   -0.006847355910   -0.000000000000    0.000000000000   -2.042382076383   -0.000000000000    0.000000000000    0.001393875555    0.000000000000    0.000000000000   -0.000000000000   -0.000000000000    0.753148980825    0.000000000000    0.000000000000    0.000000000000   -0.000000000000    0.000000000000   -0.000286655279   -0.000000000000   -0.000000000000    0.000000000000
  -0.000192354190   -0.000525659134   -0.000824820461    0.001075787263    0.003097196154    0.102010876246   -0.000000000000   -0.000000000000   -0.000390385682   -0.000000000000    0.000000000000    0.006418314840    0.000000000000    0.000000000000   -0.258187257312   -0.000000000000    0.000000000000    0.000177316141    0.000000000000    0.000000000000   -0.000000000000   -0.000000000000    0.032692868007    0.000000000000    0.000000000000    0.000000000000   -0.000000000000    0.000000000000    0.000347479046   -0.000000000000   -0.000000000000    0.000000000000
   0.000261166570    0.000714631890    0.001075787263   -0.002516690387   -0.059211246599   -0.144604207339    0.000000000000    0.000000000000    0.001328732773    0.000000000000    0.000000000000    0.027923180536    0.000000000000    0.000000000000    0.263007794119    0.000000000000   -0.000000000000   -0.010619632833   -0.000000000000   -0.000000000000   -0.000000000000   -0.000000000000   -0.185229540988   -0.000000000000   -0.000000000000    0.000000000000    0.000000000000   -0.000000000000    0.006012293648    0.000000000000    0.000000000000   -0.000000000000
   0.156734095339    0.130425361249    0.003097196154   -0.059211246599   -0.166844932296   -0.278961343928    0.000000000000   -0.000000000000    0.072169322064    0.000000000000   -0.000000000000    0.106932337686    0.000000000000    0.000000000000    0.395738972771    0.000000000000    0.000000000000   -0.053475091877   -0.000000000000   -0.000000000000   -0.000000000000    0.000000000000   -0.198580822039   -0.000000000000   -0.000000000000   -0.000000000000    0.000000000000   -0.000000000000    0.010855966852    0.000000000000    0.000000000000   -0.000000000000
   1.051433713031    0.870972438132    0.102010876246   -0.144604207339   -0.278961343928   -0.307942351907    0.000000000000    0.000000000000    0.124004157899    0.000000000000    0.000000000000    0.132580894618    0.000000000000    0.000000000000    0.280987701143   -0.000000000000    0.000000000000   -0.031515119399   -0.000000000000   -0.000000000000   -0.000000000000    0.000000000000   -0.135826866241   -0.000000000000   -0.000000000000    0.000000000000    0.000000000000   -0.000000000000    0.006220904157    0.000000000000    0.000000000000   -0.000000000000
   0.000000000000    0.000000000000    0.000000000000    0.000000000000    0.000000000000    0.000000000000    0.000134942686    0.000000000000   -0.000000000000   -0.003298682018    0.000000000000    0.000000000000   -0.102005507475   -0.000000000000   -0.000000000000   -0.000000000000   -0.000000000000   -0.000000000000    0.000609887585   -0.000000000000    0.000000000000    0.000000000000    0.000000000000    0.085081862515    0.000000000000    0.000000000000   -0.000000000000   -0.000000000000   -0.000000000000   -0.001293435227   -0.000000000000    0.000000000000
  -0.000000000000   -0.000000000000   -0.000000000000    0.000000000000    0.000000000000    0.000000000000    0.000000000000    0.000134942686   -0.000000000000    0.000000000000   -0.003298682018   -0.000000000000   -0.000000000000   -0.102005507475   -0.000000000000   -0.000000000000    0.000609887585    0.000000000000   -0.000000000000   -0.000000000000    0.000000000000    0.085081862515    0.000000000000    0.000000000000    0.000000000000    0.000000000000   -0.000000000000   -0.001293435227   -0.000000000000   -0.000000000000   -0.000000000000   -0.000000000000
   0.000077415302    0.000219511294    0.000390385682   -0.001328732773   -0.072169322064   -0.124004157899    0.000000000000    0.000000000000    0.000482622723    0.000000000000    0.000000000000    0.033454601907    0.000000000000    0.000000000000    0.197308987392    0.000000000000   -0.000000000000   -0.009354655465   -0.000000000000   -0.000000000000   -0.000000000000   -0.000000000000   -0.286563781049   -0.000000000000   -0.000000000000    0.000000000000    0.000000000000    0.000000000000    0.006891215375    0.000000000000    0.000000000000   -0.000000000000
   0.000000000000    0.000000000000    0.000000000000    0.000000000000    0.000000000000    0.000000000000   -0.003298682018    0.000000000000   -0.000000000000   -0.013842960315    0.000000000000   -0.000000000000   -0.085017390180   -0.000000000000   -0.000000000000    0.000000000000    0.000000000000   -0.000000000000    0.014634798102    0.000000000000    0.000000000000    0.000000000000    0.000000000000    0.077957364833    0.000000000000    0.000000000000   -0.000000000000   -0.000000000000    0.000000000000   -0.009902263364   -0.000000000000    0.000000000000
  -0.000000000000   -0.000000000000   -0.000000000000    0.000000000000    0.000000000000    0.000000000000   -0.000000000000   -0.003298682018   -0.000000000000   -0.000000000000   -0.013842960315   -0.000000000000   -0.000000000000   -0.085017390180   -0.000000000000    0.000000000000    0.014634798102    0.000000000000    0.000000000000   -0.000000000000    0.000000000000    0.077957364833    0.000000000000    0.000000000000   -0.000000000000   -0.000000000000   -0.000000000000   -0.009902263364   -0.000000000000   -0.000000000000    0.000000000000    0.000000000000
   0.007793723708    0.006847355910   -0.006418314840   -0.027923180536   -0.106932337686   -0.132580894618    0.000000000000    0.000000000000    0.033454601907    0.000000000000    0.000000000000    0.090428028295    0.000000000000    0.000000000000    0.155714872758    0.000000000000    0.000000000000   -0.057001919890   -0.000000000000   -0.000000000000   -0.000000000000   -0.000000000000   -0.186292325738   -0.000000000000   -0.000000000000    0.000000000000    0.000000000000   -0.000000000000    0.026549706530    0.000000000000    0.000000000000   -0.000000000000
   0.000000000000    0.000000000000    0.000000000000   -0.000000000000    0.000000000000    0.000000000000   -0.102005507475   -0.000000000000    0.000000000000   -0.085017390180   -0.000000000000   -0.000000000000   -0.020170885793   -0.000000000000   -0.000000000000    0.000000000000    0.000000000000   -0.000000000000    0.046449869584    0.000000000000    0.000000000000    0.000000000000    0.000000000000    0.014518080145    0.000000000000    0.000000000000    0.000000000000   -0.000000000000    0.000000000000   -0.004478881747   -0.000000000000    0.000000000000
   0.000000000000    0.000000000000    0.000000000000    0.000000000000    0.000000000000    0.000000000000   -0.000000000000   -0.102005507475    0.000000000000   -0.000000000000   -0.085017390180    0.000000000000   -0.000000000000   -0.020170885793   -0.000000000000    0.000000000000    0.046449869584   -0.000000000000    0.000000000000   -0.000000000000    0.000000000000    0.014518080145   -0.000000000000    0.000000000000   -0.000000000000   -0.000000000000   -0.000000000000   -0.004478881747   -0.000000000000   -0.000000000000    0.000000000000    0.000000000000
   2.469234173601    2.042382076383    0.258187257313   -0.263007794119   -0.395738972771   -0.280987701143    0.000000000000    0.000000000000    0.197308987392    0.000000000000    0.000000000000    0.155714872758    0.000000000000    0.000000000000    0.067454904088   -0.000000000000   -0.000000000000   -0.012329212644    0.000000000000    0.000000000000   -0.000000000000   -0.000000000000   -0.052790270283   -0.000000000000    0.000000000000    0.000000000000    0.000000000000   -0.000000000000    0.003542715118    0.000000000000    0.000000000000   -0.000000000000
  -0.000000000000   -0.000000000000   -0.000000000000    0.000000000000    0.000000000000   -0.000000000000    0.000000000000    0.000000000000   -0.000000000000    0.000000000000   -0.000000000000   -0.000000000000    0.000000000000   -0.000000000000   -0.000000000000   -0.000248297578   -0.000000000000    0.000000000000   -0.000000000000   -0.000000000000   -0.015297648806    0.000000000000   -0.000000000000   -0.000000000000    0.000000000000   -0.000000000000    0.001838644784   -0.000000000000   -0.000000000000    0.000000000000    0.000000000000   -0.000000000000
  -0.000000000000   -0.000000000000   -0.000000000000    0.000000000000    0.000000000000    0.000000000000    0.000000000000   -0.000609887585   -0.000000000000   -0.000000000000   -0.014634798102   -0.000000000000   -0.000000000000   -0.046449869584    0.000000000000   -0.000000000000    0.007350617236    0.000000000000    0.000000000000   -0.000000000000    0.000000000000    0.079449202056   -0.000000000000    0.000000000000    0.000000000000   -0.000000000000   -0.000000000000   -0.011335472539   -0.000000000000   -0.000000000000   -0.000000000000    0.000000000000
   0.000702602336    0.001393875555    0.000177316141   -0.010619632833   -0.053475091876   -0.031515119397    0.000000000000   -0.000000000000    0.009354655465    0.000000000000   -0.000000000000    0.057001919890   -0.000000000000   -0.000000000000    0.012329212644    0.000000000000    0.000000000000   -0.029178686547   -0.000000000000   -0.000000000000   -0.000000000000    0.000000000000   -0.085834223689   -0.000000000000   -0.000000000000    0.000000000000   -0.000000000000   -0.000000000000    0.023836662412    0.000000000000    0.000000000000    0.000000000000
  -0.000000000000   -0.000000000000   -0.000000000000    0.000000000000    0.000000000000   -0.000000000000   -0.000609887585    0.000000000000   -0.000000000000   -0.014634798102   -0.000000000000    0.000000000000   -0.046449869584   -0.000000000000   -0.000000000000   -0.000000000000   -0.000000000000    0.000000000000    0.007350617236   -0.000000000000    0.000000000000    0.000000000000   -0.000000000000    0.079449202056    0.000000000000   -0.000000000000   -0.000000000000   -0.000000000000   -0.000000000000   -0.011335472539   -0.000000000000    0.000000000000
  -0.000000000000   -0.000000000000   -0.000000000000    0.000000000000    0.000000000000   -0.000000000000    0.000000000000   -0.000000000000   -0.000000000000   -0.000000000000    0.000000000000   -0.000000000000    0.000000000000    0.000000000000    0.000000000000   -0.000000000000   -0.000000000000    0.000000000000   -0.000000000000   -0.000248297578    0.000000000000    0.000000000000   -0.000000000000    0.000000000000   -0.015297648806    0.000000000000   -0.000000000000    0.000000000000   -0.000000000000   -0.000000000000    0.001838644784    0.000000000000
  -0.000000000000   -0.000000000000   -0.000000000000    0.000000000000    0.000000000000   -0.000000000000   -0.000000000000   -0.000000000000    0.000000000000   -0.000000000000   -0.000000000000   -0.000000000000    0.000000000000    0.000000000000   -0.000000000000   -0.015297648806    0.000000000000   -0.000000000000    0.000000000000    0.000000000000   -0.003928418685    0.000000000000   -0.000000000000    0.000000000000    0.000000000000   -0.000000000000    0.006978211178   -0.000000000000   -0.000000000000    0.000000000000    0.000000000000   -0.000000000000
  -0.000000000000   -0.000000000000   -0.000000000000    0.000000000000    0.000000000000    0.000000000000   -0.000000000000   -0.085081862515   -0.000000000000   -0.000000000000   -0.077957364833   -0.000000000000   -0.000000000000   -0.014518080145   -0.000000000000   -0.000000000000    0.079449202056    0.000000000000    0.000000000000   -0.000000000000    0.000000000000   -0.021738904140    0.000000000000    0.000000000000   -0.000000000000    0.000000000000   -0.000000000000   -0.009472841961   -0.000000000000   -0.000000000000    0.000000000000    0.000000000000
   0.919896930742    0.753148980825    0.032692868007   -0.185229540988   -0.198580822039   -0.135826866241    0.000000000000    0.000000000000    0.286563781049    0.000000000000    0.000000000000    0.186292325738   -0.000000000000    0.000000000000    0.052790270284   -0.000000000000    0.000000000000   -0.085834223688    0.000000000000    0.000000000000   -0.000000000000   -0.000000000000    0.032850304548    0.000000000000    0.000000000000    0.000000000000    0.000000000000    0.000000000000   -0.009029161708    0.000000000000    0.000000000000    0.000000000000
   0.000000000000    0.000000000000    0.000000000000    0.000000000000    0.000000000000    0.000000000000   -0.085081862515   -0.000000000000    0.000000000000   -0.077957364833   -0.000000000000   -0.000000000000   -0.014518080145   -0.000000000000   -0.000000000000   -0.000000000000    0.000000000000   -0.000000000000    0.079449202056    0.000000000000    0.000000000000    0.000000000000    0.000000000000   -0.021738904140    0.000000000000    0.000000000000   -0.000000000000   -0.000000000000    0.000000000000   -0.009472841961   -0.000000000000    0.000000000000
  -0.000000000000   -0.000000000000   -0.000000000000    0.000000000000    0.000000000000    0.000000000000   -0.000000000000   -0.000000000000   -0.000000000000   -0.000000000000   -0.000000000000   -0.000000000000    0.000000000000   -0.000000000000    0.000000000000   -0.000000000000    0.000000000000    0.000000000000    0.000000000000   -0.015297648806    0.000000000000    0.000000000000   -0.000000000000    0.000000000000   -0.003928418685    0.000000000000   -0.000000000000    0.000000000000   -0.000000000000   -0.000000000000    0.006978211178    0.000000000000
   0.000000000000    0.000000000000    0.000000000000   -0.000000000000   -0.000000000000   -0.000000000000    0.000000000000   -0.000000000000    0.000000000000    0.000000000000    0.000000000000    0.000000000000    0.000000000000    0.000000000000    0.000000000000    0.000000000000   -0.000000000000    0.000000000000   -0.000000000000   -0.000000000000   -0.000000000000   -0.000000000000    0.000000000000   -0.000000000000   -0.000000000000   -0.000127201260    0.000000000000    0.000000000000   -0.000000000000    0.000000000000    0.000000000000   -0.000000000000
  -0.000000000000   -0.000000000000   -0.000000000000    0.000000000000    0.000000000000    0.000000000000   -0.000000000000   -0.000000000000   -0.000000000000    0.000000000000   -0.000000000000   -0.000000000000    0.000000000000    0.000000000000   -0.000000000000   -0.001838644784    0.000000000000   -0.000000000000    0.000000000000    0.000000000000   -0.006978211178    0.000000000000   -0.000000000000    0.000000000000    0.000000000000   -0.000000000000    0.002159241982   -0.000000000000    0.000000000000    0.000000000000    0.000000000000   -0.000000000000
  -0.000000000000   -0.000000000000   -0.000000000000    0.000000000000    0.000000000000    0.000000000000    0.000000000000   -0.001293435227   -0.000000000000    0.000000000000   -0.009902263364   -0.000000000000   -0.000000000000   -0.004478881747   -0.000000000000   -0.000000000000    0.011335472539    0.000000000000    0.000000000000   -0.000000000000    0.000000000000    0.009472841961    0.000000000000    0.000000000000    0.000000000000   -0.000000000000   -0.000000000000   -0.011929215119   -0.000000000000   -0.000000000000   -0.000000000000    0.000000000000
   0.000111810413    0.000286655279   -0.000347479046   -0.006012293648   -0.010855966852   -0.006220904156   -0.000000000000   -0.000000000000    0.006891215375   -0.000000000000   -0.000000000000    0.026549706530   -0.000000000000   -0.000000000000    0.003542715117   -0.000000000000    0.000000000000   -0.023836662412    0.000000000000    0.000000000000   -0.000000000000    0.000000000000    0.009029161708    0.000000000000    0.000000000000   -0.000000000000   -0.000000000000   -0.000000000000    0.023753186119   -0.000000000000   -0.000000000000    0.000000000000
  -0.000000000000   -0.000000000000   -0.000000000000    0.000000000000    0.000000000000    0.000000000000   -0.001293435227   -0.000000000000   -0.000000000000   -0.009902263364   -0.000000000000   -0.000000000000   -0.004478881747   -0.000000000000   -0.000000000000   -0.000000000000    0.000000000000   -0.000000000000    0.011335472539    0.000000000000    0.000000000000    0.000000000000   -0.000000000000    0.009472841961    0.000000000000    0.000000000000   -0.000000000000   -0.000000000000    0.000000000000   -0.011929215119   -0.000000000000    0.000000000000
  -0.000000000000   -0.000000000000   -0.000000000000    0.000000000000    0.000000000000    0.000000000000    0.000000000000   -0.000000000000   -0.000000000000   -0.000000000000   -0.000000000000   -0.000000000000   -0.000000000000   -0.000000000000   -0.000000000000   -0.000000000000    0.000000000000   -0.000000000000    0.000000000000   -0.001838644784    0.000000000000    0.000000000000   -0.000000000000    0.000000000000   -0.006978211178    0.000000000000   -0.000000000000   -0.000000000000    0.000000000000   -0.000000000000    0.002159241982    0.000000000000
  -0.000000000000   -0.000000000000   -0.000000000000    0.000000000000    0.000000000000    0.000000000000   -0.000000000000    0.000000000000   -0.000000000000    0.000000000000    0.000000000000   -0.000000000000   -0.000000000000    0.000000000000   -0.000000000000   -0.000000000000    0.000000000000   -0.000000000000    0.000000000000    0.000000000000   -0.000000000000    0.000000000000   -0.000000000000    0.000000000000    0.000000000000    0.000000000000    0.000000000000   -0.000000000000    0.000000000000   -0.000000000000    0.000000000000   -0.000127201260
